"Data","Último","Abertura","Máxima","Mínima","Vol.","Var%"
"01.08.2023","121.248","121.945","121.945","120.154","10,30M","-0,57%"
"31.07.2023","121.943","120.188","122.149","120.188","10,12M","1,46%"
"28.07.2023","120.187","120.002","120.660","119.706","8,46M","0,16%"
"27.07.2023","119.990","122.560","122.599","119.825","10,68M","-2,10%"
"26.07.2023","122.560","122.003","122.747","121.370","9,99M","0,45%"
"25.07.2023","122.008","121.344","123.010","121.344","11,43M","0,55%"
"24.07.2023","121.342","120.220","121.772","120.099","10,49M","0,94%"
"21.07.2023","120.217","118.090","120.373","118.086","11,18M","1,81%"
"20.07.2023","118.083","117.558","118.290","117.484","8,99M","0,45%"
"19.07.2023","117.552","117.842","118.011","116.660","9,73M","-0,25%"
"18.07.2023","117.841","118.218","118.732","117.324","8,58M","-0,32%"
"17.07.2023","118.219","117.711","118.302","116.591","8,20M","0,43%"
"14.07.2023","117.711","119.268","119.329","117.526","8,98M","-1,30%"
"13.07.2023","119.264","117.671","119.739","117.668","9,26M","1,36%"
"12.07.2023","117.666","117.557","119.156","117.557","8,94M","0,38%"
"11.07.2023","117.220","117.942","117.942","115.704","10,59M","-0,61%"
"10.07.2023","117.942","118.897","118.897","117.814","8,10M","-0,80%"
"07.07.2023","118.898","117.427","119.549","117.427","10,52M","1,25%"
"06.07.2023","117.426","119.548","119.548","117.096","11,03M","-1,78%"
"05.07.2023","119.549","119.072","120.200","118.688","10,96M","0,40%"
"04.07.2023","119.076","119.673","119.678","118.830","6,56M","-0,50%"
"03.07.2023","119.673","118.092","119.877","118.092","8,91M","1,34%"
"30.06.2023","118.087","118.388","119.447","118.087","13,82M","-0,25%"
"29.06.2023","118.383","116.683","118.623","116.683","11,06M","1,46%"
"28.06.2023","116.681","117.524","117.937","116.560","10,65M","-0,72%"
"27.06.2023","117.523","118.246","119.212","116.561","13,08M","-0,61%"
"26.06.2023","118.243","118.977","119.148","117.491","10,46M","-0,62%"
"23.06.2023","118.977","118.959","119.386","118.178","12,85M","0,04%"
"22.06.2023","118.934","120.420","120.420","118.018","11,83M","-1,23%"
"21.06.2023","120.420","119.623","120.519","119.332","11,74M","0,67%"
"20.06.2023","119.622","119.858","119.858","118.416","10,92M","-0,20%"
"19.06.2023","119.858","118.757","119.939","118.558","6,78M","0,93%"
"16.06.2023","118.758","119.208","119.555","118.487","15,25M","-0,39%"
"15.06.2023","119.221","119.068","119.686","118.693","12,30M","0,13%"
"14.06.2023","119.069","116.753","119.085","116.745","16,94M","1,99%"
"13.06.2023","116.743","117.337","117.924","116.363","12,39M","-0,51%"
"12.06.2023","117.336","117.022","117.735","116.704","12,02M","0,27%"
"09.06.2023","117.019","115.489","117.603","115.489","13,53M","1,33%"
"07.06.2023","115.488","114.610","115.978","114.610","14,02M","0,77%"
"06.06.2023","114.610","112.697","114.783","112.696","15,03M","1,70%"
"05.06.2023","112.696","112.558","113.071","111.736","9,08M","0,12%"
"02.06.2023","112.558","110.568","113.070","110.567","14,55M","1,80%"
"01.06.2023","110.565","108.339","110.745","108.335","14,67M","2,06%"
"31.05.2023","108.335","108.967","109.137","108.193","15,86M","-0,58%"
"30.05.2023","108.967","110.333","111.291","108.552","11,59M","-1,24%"
"29.05.2023","110.333","110.906","111.168","110.195","5,91M","-0,52%"
"26.05.2023","110.906","110.058","111.706","109.900","11,02M","0,77%"
"25.05.2023","110.054","108.800","111.115","108.800","14,75M","1,15%"
"24.05.2023","108.800","109.920","109.920","108.546","12,98M","-1,03%"
"23.05.2023","109.929","110.213","111.325","109.713","12,33M","-0,26%"
"22.05.2023","110.213","110.745","111.643","110.178","11,77M","-0,48%"
"19.05.2023","110.745","110.113","111.211","109.787","16,14M","0,58%"
"18.05.2023","110.108","109.459","110.206","108.864","13,61M","0,59%"
"17.05.2023","109.460","108.194","109.774","108.188","13,99M","1,17%"
"16.05.2023","108.194","109.029","110.151","108.085","16,90M","-0,77%"
"15.05.2023","109.029","108.469","109.271","108.356","11,60M","0,52%"
"12.05.2023","108.464","108.256","108.817","107.497","11,92M","0,19%"
"11.05.2023","108.256","107.446","108.667","106.419","12,77M","0,75%"
"10.05.2023","107.448","107.114","107.744","106.538","13,58M","0,31%"
"09.05.2023","107.114","106.028","107.731","105.549","13,53M","1,01%"
"08.05.2023","106.042","105.161","106.716","105.161","13,26M","0,85%"
"05.05.2023","105.148","102.175","105.306","102.175","16,70M","2,91%"
"04.05.2023","102.174","101.798","103.321","101.063","14,84M","0,37%"
"03.05.2023","101.797","101.927","102.331","101.433","11,69M","-0,13%"
"02.05.2023","101.927","104.431","104.447","101.569","12,02M","-2,40%"
"28.04.2023","104.432","102.923","104.432","102.449","13,09M","1,47%"
"27.04.2023","102.923","102.310","103.177","101.975","11,30M","0,60%"
"26.04.2023","102.312","103.220","103.668","102.233","10,12M","-0,88%"
"25.04.2023","103.220","103.947","103.947","102.633","10,87M","-0,70%"
"24.04.2023","103.947","104.367","104.822","103.247","10,94M","-0,40%"
"20.04.2023","104.367","103.913","104.615","103.087","12,38M","0,44%"
"19.04.2023","103.913","106.149","106.149","103.604","12,71M","-2,12%"
"18.04.2023","106.163","106.023","106.475","105.122","11,21M","0,14%"
"17.04.2023","106.016","106.279","106.830","105.623","10,25M","-0,25%"
"14.04.2023","106.279","106.458","106.701","104.934","11,50M","-0,17%"
"13.04.2023","106.458","106.890","107.037","106.220","12,18M","-0,40%"
"12.04.2023","106.890","106.218","108.277","106.217","17,35M","0,64%"
"11.04.2023","106.214","101.849","106.455","101.848","18,73M","4,29%"
"10.04.2023","101.847","100.822","102.196","100.819","8,15M","1,02%"
"06.04.2023","100.822","100.978","101.628","100.443","9,82M","-0,15%"
"05.04.2023","100.978","101.869","101.960","99.898","13,26M","-0,88%"
"04.04.2023","101.869","101.505","103.056","101.505","11,70M","0,36%"
"03.04.2023","101.506","101.883","101.916","100.651","12,79M","-0,37%"
"31.03.2023","101.882","103.714","104.041","101.476","15,12M","-1,77%"
"30.03.2023","103.713","101.796","104.085","101.796","14,90M","1,89%"
"29.03.2023","101.793","101.185","102.213","100.248","12,46M","0,60%"
"28.03.2023","101.185","99.672","101.559","99.488","13,50M","1,52%"
"27.03.2023","99.670","98.833","99.997","98.833","9,99M","0,85%"
"24.03.2023","98.829","97.926","99.258","97.688","12,41M","0,92%"
"23.03.2023","97.926","100.221","101.126","96.997","15,66M","-2,29%"
"22.03.2023","100.221","100.998","101.888","100.129","11,50M","-0,77%"
"21.03.2023","100.998","100.923","101.670","100.923","9,67M","0,07%"
"20.03.2023","100.923","101.982","102.328","100.679","10,90M","-1,04%"
"17.03.2023","101.982","103.434","103.434","101.664","17,56M","-1,40%"
"16.03.2023","103.435","102.683","103.911","102.455","14,39M","0,74%"
"15.03.2023","102.675","102.930","103.048","100.692","15,25M","-0,25%"
"14.03.2023","102.932","103.121","104.153","102.482","13,13M","-0,18%"
"13.03.2023","103.121","103.608","103.907","102.255","12,99M","-0,48%"
"10.03.2023","103.618","105.071","105.071","103.201","17,95M","-1,38%"
"09.03.2023","105.071","106.540","106.724","105.053","19,17M","-1,38%"
"08.03.2023","106.540","104.228","106.721","104.228","15,90M","2,22%"
"07.03.2023","104.228","104.700","105.179","103.480","12,58M","-0,45%"
"06.03.2023","104.700","103.865","105.171","103.170","14,28M","0,80%"
"03.03.2023","103.866","103.326","104.440","103.323","13,10M","0,52%"
"02.03.2023","103.326","104.375","104.912","103.321","14,74M","-1,01%"
"01.03.2023","104.385","104.933","105.497","103.105","19,85M","-0,52%"
"28.02.2023","104.932","105.706","106.794","104.932","15,67M","-0,74%"
"27.02.2023","105.711","105.807","106.402","105.227","9,57M","-0,08%"
"24.02.2023","105.798","107.582","107.611","105.360","10,22M","-1,67%"
"23.02.2023","107.593","107.152","108.663","106.731","11,46M","0,41%"
"22.02.2023","107.152","109.174","109.174","106.720","9,36M","-1,85%"
"17.02.2023","109.177","109.941","109.941","108.968","10,06M","-0,70%"
"16.02.2023","109.941","109.599","110.437","108.378","13,00M","0,31%"
"15.02.2023","109.600","107.849","110.210","107.267","15,50M","1,62%"
"14.02.2023","107.849","108.839","109.564","107.557","11,89M","-0,91%"
"13.02.2023","108.836","108.074","109.193","107.420","9,97M","0,70%"
"10.02.2023","108.078","108.002","108.647","107.620","14,46M","0,07%"
"09.02.2023","108.008","109.952","110.046","107.767","12,96M","-1,77%"
"08.02.2023","109.951","107.832","110.175","107.830","13,84M","1,97%"
"07.02.2023","107.830","108.727","109.037","107.234","12,96M","-0,82%"
"06.02.2023","108.722","108.518","108.744","107.416","11,51M","0,18%"
"03.02.2023","108.523","110.141","110.570","108.185","13,24M","-1,47%"
"02.02.2023","110.141","112.072","112.943","109.747","15,24M","-1,72%"
"01.02.2023","112.074","113.430","113.598","110.729","17,82M","-1,20%"
"31.01.2023","113.431","112.273","113.691","112.145","12,90M","1,03%"
"30.01.2023","112.273","112.319","112.920","111.824","11,27M","-0,04%"
"27.01.2023","112.316","114.178","114.191","112.044","10,61M","-1,63%"
"26.01.2023","114.178","114.271","114.835","113.591","10,92M","-0,08%"
"25.01.2023","114.270","113.028","114.426","111.927","11,41M","1,10%"
"24.01.2023","113.028","111.746","113.040","111.669","11,55M","1,16%"
"23.01.2023","111.737","112.041","113.061","111.542","13,70M","-0,27%"
"20.01.2023","112.041","112.922","113.025","111.735","15,44M","-0,78%"
"19.01.2023","112.922","112.219","113.172","111.307","15,59M","0,62%"
"18.01.2023","112.228","111.442","113.306","111.441","14,13M","0,71%"
"17.01.2023","111.439","109.214","111.577","109.214","14,36M","2,04%"
"16.01.2023","109.213","110.908","110.908","108.753","12,51M","-1,54%"
"13.01.2023","110.916","111.843","111.847","110.428","15,94M","-0,84%"
"12.01.2023","111.850","112.516","113.129","110.982","19,84M","-0,59%"
"11.01.2023","112.517","110.816","112.552","110.752","14,46M","1,53%"
"10.01.2023","110.817","109.129","111.193","108.478","13,70M","1,55%"
"09.01.2023","109.130","108.964","109.938","108.134","12,05M","0,15%"
"06.01.2023","108.964","107.642","109.433","107.642","12,63M","1,23%"
"05.01.2023","107.641","105.336","107.743","105.333","15,51M","2,19%"
"04.01.2023","105.334","104.167","105.627","103.915","14,45M","1,12%"
"03.01.2023","104.166","106.377","106.684","103.852","14,47M","-2,08%"
"02.01.2023","106.376","109.734","109.734","105.981","8,13M","-3,06%"
"29.12.2022","109.735","110.237","111.178","109.560","13,39M","-0,46%"
"28.12.2022","110.237","108.578","110.536","108.578","11,19M","1,53%"
"27.12.2022","108.578","108.739","109.353","107.418","11,16M","-0,15%"
"26.12.2022","108.738","109.699","109.755","108.309","5,22M","-0,87%"
"23.12.2022","109.698","107.552","109.994","107.552","12,85M","2,00%"
"22.12.2022","107.552","107.436","108.383","106.510","11,49M","0,11%"
"21.12.2022","107.433","106.866","107.991","106.066","17,63M","0,53%"
"20.12.2022","106.864","104.740","107.792","104.607","19,13M","2,03%"
"19.12.2022","104.740","102.859","105.107","102.770","16,77M","1,83%"
"16.12.2022","102.856","103.737","104.018","102.248","18,26M","-0,85%"
"15.12.2022","103.738","103.739","105.483","103.014","15,57M","-0,01%"
"14.12.2022","103.746","103.536","104.516","101.632","24,92M","0,20%"
"13.12.2022","103.540","105.345","106.689","103.409","17,70M","-1,71%"
"12.12.2022","105.343","107.518","107.561","103.877","15,48M","-2,02%"
"09.12.2022","107.520","107.250","108.566","107.089","10,68M","0,25%"
"08.12.2022","107.249","109.068","109.286","106.906","14,92M","-1,67%"
"07.12.2022","109.069","110.188","110.247","108.612","13,83M","-1,02%"
"06.12.2022","110.189","109.403","110.663","109.217","13,44M","0,72%"
"05.12.2022","109.401","111.922","112.150","109.270","12,31M","-2,25%"
"02.12.2022","111.924","110.926","113.761","109.963","15,98M","0,90%"
"01.12.2022","110.926","112.479","112.479","110.548","15,19M","-1,39%"
"30.11.2022","112.486","110.910","112.486","110.202","19,70M","1,42%"
"29.11.2022","110.910","108.784","112.187","108.784","14,72M","1,96%"
"28.11.2022","108.782","108.977","109.476","108.378","11,49M","-0,18%"
"25.11.2022","108.977","111.831","112.025","108.552","12,31M","-2,55%"
"24.11.2022","111.831","108.846","112.612","108.846","10,30M","2,75%"
"23.11.2022","108.841","109.036","109.285","107.902","13,20M","-0,18%"
"22.11.2022","109.037","109.750","110.224","107.867","15,06M","-0,65%"
"21.11.2022","109.748","108.868","110.235","107.957","16,65M","0,81%"
"18.11.2022","108.870","109.706","111.585","108.512","18,77M","-0,76%"
"17.11.2022","109.703","110.241","110.242","107.245","23,12M","-0,49%"
"16.11.2022","110.243","113.166","113.473","109.512","18,35M","-2,58%"
"14.11.2022","113.161","112.256","114.322","111.930","15,08M","0,81%"
"11.11.2022","112.253","109.775","113.010","109.408","25,04M","2,26%"
"10.11.2022","109.775","113.579","113.579","108.516","26,03M","-3,35%"
"09.11.2022","113.580","116.153","116.183","113.110","20,53M","-2,22%"
"08.11.2022","116.160","115.340","117.072","114.688","14,24M","0,71%"
"07.11.2022","115.342","118.148","118.240","115.221","15,22M","-2,38%"
"04.11.2022","118.155","116.907","120.039","116.904","16,21M","1,08%"
"03.11.2022","116.896","116.927","117.373","114.485","15,63M","-0,03%"
"01.11.2022","116.929","116.037","118.261","115.547","17,97M","0,77%"
"31.10.2022","116.037","114.533","116.763","112.113","21,64M","1,31%"
"28.10.2022","114.539","114.636","114.712","113.336","14,39M","-0,09%"
"27.10.2022","114.641","112.766","116.236","112.765","15,53M","1,66%"
"26.10.2022","112.764","114.626","114.626","112.577","16,09M","-1,62%"
"25.10.2022","114.626","116.016","116.203","114.626","14,73M","-1,20%"
"24.10.2022","116.013","119.922","119.924","115.793","13,28M","-3,27%"
"21.10.2022","119.929","117.170","120.752","116.736","18,58M","2,35%"
"20.10.2022","117.171","116.276","117.367","116.276","16,92M","0,77%"
"19.10.2022","116.274","115.744","116.459","115.264","12,73M","0,46%"
"18.10.2022","115.743","113.627","115.795","113.627","14,74M","1,87%"
"17.10.2022","113.624","112.107","114.406","112.090","11,63M","1,38%"
"14.10.2022","112.072","114.301","114.712","111.631","13,10M","-1,95%"
"13.10.2022","114.300","114.819","115.367","112.690","14,58M","-0,46%"
"11.10.2022","114.827","115.928","115.928","114.297","13,14M","-0,96%"
"10.10.2022","115.941","116.377","116.841","115.261","11,43M","-0,37%"
"07.10.2022","116.375","117.560","117.960","115.924","13,62M","-1,01%"
"06.10.2022","117.561","117.200","118.382","117.144","14,52M","0,31%"
"05.10.2022","117.198","116.231","117.514","115.906","13,56M","0,83%"
"04.10.2022","116.230","116.147","118.280","115.837","16,08M","0,08%"
"03.10.2022","116.134","110.048","116.134","110.048","20,98M","5,54%"
"30.09.2022","110.037","107.664","110.502","107.315","16,54M","2,20%"
"29.09.2022","107.664","108.449","108.449","106.244","14,59M","-0,73%"
"28.09.2022","108.451","108.377","108.970","107.914","13,54M","0,07%"
"27.09.2022","108.376","109.122","110.161","108.120","14,52M","-0,68%"
"26.09.2022","109.114","111.713","111.713","109.022","13,13M","-2,33%"
"23.09.2022","111.716","114.070","114.070","110.732","13,54M","-2,06%"
"22.09.2022","114.070","111.942","114.392","111.819","15,68M","1,91%"
"21.09.2022","111.936","112.517","113.294","111.380","14,73M","-0,52%"
"20.09.2022","112.517","111.824","112.544","111.393","12,57M","0,62%"
"19.09.2022","111.824","109.283","111.976","108.508","12,59M","2,33%"
"16.09.2022","109.280","109.951","109.952","108.489","18,84M","-0,61%"
"15.09.2022","109.954","110.547","111.100","109.524","11,62M","-0,54%"
"14.09.2022","110.547","110.794","111.504","110.118","11,63M","-0,22%"
"13.09.2022","110.794","113.398","113.400","110.522","12,61M","-2,30%"
"12.09.2022","113.407","112.307","114.160","112.305","11,71M","0,98%"
"09.09.2022","112.300","109.922","112.540","109.922","12,16M","2,17%"
"08.09.2022","109.916","109.771","110.768","108.619","13,76M","0,14%"
"06.09.2022","109.764","112.203","112.203","109.348","14,30M","-2,17%"
"05.09.2022","112.203","110.868","112.671","110.865","9,52M","1,21%"
"02.09.2022","110.864","110.409","112.264","110.409","16,69M","0,42%"
"01.09.2022","110.405","109.524","110.405","108.217","14,48M","0,81%"
"31.08.2022","109.523","110.431","111.364","109.523","14,79M","-0,82%"
"30.08.2022","110.431","112.323","112.869","110.103","11,94M","-1,68%"
"29.08.2022","112.323","112.296","113.222","111.689","9,80M","0,02%"
"26.08.2022","112.299","113.533","114.091","111.978","11,16M","-1,09%"
"25.08.2022","113.532","112.898","114.156","112.768","11,84M","0,56%"
"24.08.2022","112.898","112.856","113.888","112.632","13,76M","0,04%"
"23.08.2022","112.857","110.504","112.965","110.503","11,89M","2,13%"
"22.08.2022","110.501","111.487","111.487","109.858","11,01M","-0,89%"
"19.08.2022","111.496","113.807","113.807","111.146","12,68M","-2,04%"
"18.08.2022","113.813","113.708","114.375","113.304","10,64M","0,09%"
"17.08.2022","113.708","113.508","114.146","112.483","14,65M","0,17%"
"16.08.2022","113.512","113.034","113.626","112.690","12,99M","0,43%"
"15.08.2022","113.032","112.767","113.214","111.067","15,55M","0,24%"
"12.08.2022","112.764","109.718","112.764","109.718","18,70M","2,78%"
"11.08.2022","109.718","110.236","111.310","109.604","14,94M","-0,47%"
"10.08.2022","110.236","108.658","110.362","108.657","13,38M","1,46%"
"09.08.2022","108.651","108.403","109.331","107.842","12,15M","0,23%"
"08.08.2022","108.402","106.473","108.489","106.473","12,67M","1,81%"
"05.08.2022","106.472","105.893","107.176","105.518","12,95M","0,55%"
"04.08.2022","105.892","103.777","106.162","103.777","15,50M","2,04%"
"03.08.2022","103.775","103.362","103.878","102.822","12,38M","0,40%"
"02.08.2022","103.362","102.225","103.660","101.694","10,12M","1,11%"
"01.08.2022","102.225","103.165","103.317","101.764","11,63M","-0,91%"
"29.07.2022","103.165","102.597","103.989","102.514","12,93M","0,55%"
"28.07.2022","102.597","101.437","102.686","101.045","11,13M","1,14%"
"27.07.2022","101.438","99.773","101.471","99.772","10,26M","1,67%"
"26.07.2022","99.772","100.270","100.753","99.365","9,14M","-0,50%"
"25.07.2022","100.270","98.926","100.508","98.925","8,62M","1,36%"
"22.07.2022","98.925","99.034","99.724","98.321","10,03M","-0,11%"
"21.07.2022","99.033","98.286","99.057","97.088","10,06M","0,76%"
"20.07.2022","98.287","98.244","98.366","97.277","12,94M","0,04%"
"19.07.2022","98.245","96.920","98.346","96.917","10,30M","1,37%"
"18.07.2022","96.916","96.553","98.291","96.553","10,74M","0,38%"
"15.07.2022","96.551","96.119","96.971","95.267","11,35M","0,45%"
"14.07.2022","96.121","97.879","97.879","95.431","12,58M","-1,80%"
"13.07.2022","97.881","98.258","98.928","97.403","12,21M","-0,40%"
"12.07.2022","98.271","98.212","98.737","97.253","12,57M","0,06%"
"11.07.2022","98.212","100.282","100.282","97.854","8,89M","-2,07%"
"08.07.2022","100.289","100.732","101.577","99.958","9,73M","-0,44%"
"07.07.2022","100.730","98.722","101.420","98.722","12,70M","2,04%"
"06.07.2022","98.719","98.294","99.141","97.423","13,35M","0,43%"
"05.07.2022","98.295","98.608","98.608","96.499","13,36M","-0,32%"
"04.07.2022","98.609","98.952","99.353","98.264","6,28M","-0,35%"
"01.07.2022","98.954","98.542","99.340","97.231","11,61M","0,42%"
"30.06.2022","98.542","99.619","99.619","97.758","14,59M","-1,08%"
"29.06.2022","99.622","100.592","101.313","99.218","10,45M","-0,96%"
"28.06.2022","100.591","100.766","102.237","99.956","10,49M","-0,17%"
"27.06.2022","100.764","98.673","101.106","98.672","9,90M","2,12%"
"24.06.2022","98.672","98.081","99.313","98.031","10,35M","0,60%"
"23.06.2022","98.080","99.523","100.232","97.775","12,41M","-1,45%"
"22.06.2022","99.522","99.678","100.374","98.050","11,68M","-0,16%"
"21.06.2022","99.685","99.854","101.069","99.167","11,07M","-0,17%"
"20.06.2022","99.853","99.824","100.481","98.409","10,90M","0,03%"
"17.06.2022","99.825","102.800","102.801","98.402","18,93M","-2,90%"
"15.06.2022","102.807","102.068","103.952","102.046","16,02M","0,73%"
"14.06.2022","102.063","102.598","103.328","101.325","11,56M","-0,52%"
"13.06.2022","102.598","105.476","105.478","101.700","13,84M","-2,73%"
"10.06.2022","105.481","107.091","107.092","104.648","12,84M","-1,51%"
"09.06.2022","107.094","108.367","108.510","107.068","11,96M","-1,18%"
"08.06.2022","108.368","110.067","110.142","108.045","10,38M","-1,55%"
"07.06.2022","110.070","110.185","110.435","109.394","9,47M","-0,11%"
"06.06.2022","110.186","111.102","111.935","110.015","8,21M","-0,82%"
"03.06.2022","111.102","112.392","112.392","110.935","8,76M","-1,15%"
"02.06.2022","112.393","111.363","112.709","111.218","10,05M","0,93%"
"01.06.2022","111.360","111.351","111.931","110.822","9,79M","0,01%"
"31.05.2022","111.351","111.036","111.903","110.685","15,81M","0,29%"
"30.05.2022","111.032","111.944","112.690","110.655","7,28M","-0,81%"
"27.05.2022","111.942","111.890","112.441","111.558","9,98M","0,05%"
"26.05.2022","111.890","110.577","112.102","110.388","13,08M","1,18%"
"25.05.2022","110.580","110.580","111.006","109.699","10,74M","0,00%"
"24.05.2022","110.581","110.340","110.635","108.399","11,72M","0,21%"
"23.05.2022","110.346","108.500","110.680","108.500","10,69M","1,71%"
"20.05.2022","108.488","107.056","108.795","107.056","12,87M","1,39%"
"19.05.2022","107.005","106.249","107.420","105.760","11,43M","0,71%"
"18.05.2022","106.247","108.788","108.923","106.038","14,75M","-2,34%"
"17.05.2022","108.789","108.246","109.774","108.245","16,50M","0,51%"
"16.05.2022","108.233","106.925","108.795","106.852","10,60M","1,22%"
"13.05.2022","106.924","105.691","107.773","105.691","12,37M","1,17%"
"12.05.2022","105.688","104.395","105.708","103.579","14,00M","1,24%"
"11.05.2022","104.397","103.110","105.374","103.008","13,43M","1,25%"
"10.05.2022","103.110","103.251","104.286","102.386","13,51M","-0,14%"
"09.05.2022","103.250","105.109","105.109","102.768","13,20M","-1,79%"
"06.05.2022","105.135","105.303","106.268","103.984","14,14M","-0,16%"
"05.05.2022","105.304","108.337","108.337","103.923","13,83M","-2,81%"
"04.05.2022","108.344","106.529","108.382","104.933","14,56M","1,70%"
"03.05.2022","106.528","106.640","107.127","106.033","9,94M","-0,10%"
"02.05.2022","106.639","107.876","107.884","105.218","11,94M","-1,15%"
"29.04.2022","107.876","109.922","111.819","107.876","13,66M","-1,86%"
"28.04.2022","109.919","109.349","110.702","108.905","11,13M","0,52%"
"27.04.2022","109.349","108.214","110.107","108.214","11,52M","1,05%"
"26.04.2022","108.213","110.684","110.685","107.978","11,75M","-2,23%"
"25.04.2022","110.685","111.077","111.155","109.222","11,10M","-0,35%"
"22.04.2022","111.078","114.343","114.343","110.591","10,88M","-2,86%"
"20.04.2022","114.344","115.057","115.057","113.945","10,75M","-0,62%"
"19.04.2022","115.057","115.687","115.687","114.277","10,54M","-0,55%"
"18.04.2022","115.687","116.182","116.191","115.177","8,40M","-0,43%"
"14.04.2022","116.182","116.781","116.781","115.624","10,37M","-0,51%"
"13.04.2022","116.782","116.150","117.329","116.150","12,07M","0,55%"
"12.04.2022","116.147","116.963","118.615","116.054","11,41M","-0,69%"
"11.04.2022","116.953","118.320","118.320","116.953","9,56M","-1,16%"
"08.04.2022","118.322","118.861","118.868","117.487","11,23M","-0,45%"
"07.04.2022","118.862","118.226","119.247","117.509","11,52M","0,54%"
"06.04.2022","118.228","118.885","118.885","116.791","13,41M","-0,55%"
"05.04.2022","118.885","121.279","121.628","118.794","11,79M","-1,97%"
"04.04.2022","121.280","121.569","121.570","120.754","8,81M","-0,24%"
"01.04.2022","121.570","120.001","121.579","120.001","13,78M","1,31%"
"31.03.2022","119.999","120.261","120.880","119.999","11,20M","-0,22%"
"30.03.2022","120.260","120.013","120.531","119.775","10,89M","0,20%"
"29.03.2022","120.014","118.740","120.900","118.740","12,93M","1,07%"
"28.03.2022","118.738","119.082","119.444","118.061","9,17M","-0,29%"
"25.03.2022","119.081","119.062","119.729","118.548","13,81M","0,02%"
"24.03.2022","119.053","117.460","119.256","117.151","13,47M","1,36%"
"23.03.2022","117.457","117.270","118.270","117.036","11,08M","0,16%"
"22.03.2022","117.272","116.157","117.541","116.157","11,38M","0,96%"
"21.03.2022","116.155","115.307","116.360","115.208","10,38M","0,73%"
"18.03.2022","115.311","113.076","115.311","112.475","19,55M","1,98%"
"17.03.2022","113.076","111.113","113.088","111.070","14,41M","1,77%"
"16.03.2022","111.112","108.958","111.183","108.958","13,21M","1,98%"
"15.03.2022","108.959","109.925","109.925","107.781","13,65M","-0,88%"
"14.03.2022","109.928","111.716","112.299","109.717","10,48M","-1,60%"
"11.03.2022","111.713","113.664","114.627","111.332","12,48M","-1,72%"
"10.03.2022","113.663","113.900","113.939","111.889","12,98M","-0,21%"
"09.03.2022","113.900","111.210","114.051","111.207","14,71M","2,43%"
"08.03.2022","111.203","111.594","112.390","110.969","15,70M","-0,35%"
"07.03.2022","111.593","114.469","114.529","111.140","14,06M","-2,52%"
"04.03.2022","114.474","115.166","115.166","113.389","10,72M","-0,60%"
"03.03.2022","115.166","115.173","115.948","115.010","12,12M","-0,01%"
"02.03.2022","115.174","113.143","115.429","113.143","10,70M","1,80%"
"25.02.2022","113.142","111.591","113.142","110.673","17,56M","1,39%"
"24.02.2022","111.592","112.001","112.001","109.125","16,79M","-0,37%"
"23.02.2022","112.008","112.892","113.721","111.748","12,12M","-0,78%"
"22.02.2022","112.892","111.727","113.315","111.727","12,71M","1,04%"
"21.02.2022","111.725","112.880","113.405","111.608","7,86M","-1,02%"
"18.02.2022","112.880","113.534","114.213","112.701","11,30M","-0,57%"
"17.02.2022","113.528","115.181","115.214","113.389","10,81M","-1,43%"
"16.02.2022","115.181","114.830","115.734","114.816","12,05M","0,31%"
"15.02.2022","114.828","113.905","114.828","113.882","11,65M","0,82%"
"14.02.2022","113.899","113.643","114.167","113.358","10,76M","0,29%"
"11.02.2022","113.572","113.368","114.899","113.128","18,60M","0,18%"
"10.02.2022","113.368","112.462","113.812","112.163","13,27M","0,81%"
"09.02.2022","112.461","112.233","113.163","111.710","13,79M","0,20%"
"08.02.2022","112.234","111.995","112.251","110.943","10,16M","0,21%"
"07.02.2022","111.996","112.247","112.517","111.490","10,67M","-0,22%"
"04.02.2022","112.245","111.696","112.415","110.321","11,46M","0,49%"
"03.02.2022","111.696","111.897","112.502","111.225","11,04M","-0,18%"
"02.02.2022","111.894","113.228","113.666","111.645","11,75M","-1,18%"
"01.02.2022","113.228","112.143","113.302","112.135","11,13M","0,97%"
"31.01.2022","112.144","111.910","112.678","111.195","12,19M","0,21%"
"28.01.2022","111.910","112.611","112.969","111.407","13,52M","-0,62%"
"27.01.2022","112.612","111.303","113.057","111.303","14,81M","1,19%"
"26.01.2022","111.289","110.207","112.695","110.204","15,51M","0,98%"
"25.01.2022","110.204","107.935","110.711","107.185","13,71M","2,10%"
"24.01.2022","107.937","108.941","108.948","106.624","12,70M","-0,92%"
"21.01.2022","108.942","109.097","109.786","108.368","13,41M","-0,15%"
"20.01.2022","109.102","108.015","109.873","108.015","13,63M","1,01%"
"19.01.2022","108.013","106.670","108.602","106.669","12,60M","1,26%"
"18.01.2022","106.668","106.369","107.013","105.786","11,22M","0,28%"
"17.01.2022","106.374","106.927","106.928","106.097","6,92M","-0,52%"
"14.01.2022","106.928","105.530","107.062","105.028","11,46M","1,33%"
"13.01.2022","105.530","105.686","106.251","104.974","11,71M","-0,15%"
"12.01.2022","105.686","103.779","105.869","103.771","13,03M","1,84%"
"11.01.2022","103.779","101.946","103.780","101.918","12,42M","1,80%"
"10.01.2022","101.945","102.719","102.719","101.038","10,26M","-0,75%"
"07.01.2022","102.719","101.561","102.719","101.104","11,73M","1,14%"
"06.01.2022","101.561","101.006","102.235","101.000","11,75M","0,55%"
"05.01.2022","101.006","103.514","103.514","100.850","12,88M","-2,42%"
"04.01.2022","103.514","103.922","104.276","103.096","11,49M","-0,39%"
"03.01.2022","103.922","104.823","106.125","103.413","11,13M","-0,86%"
"30.12.2021","104.822","104.106","105.269","104.106","11,14M","0,69%"
"29.12.2021","104.107","104.863","105.190","103.851","6,59M","-0,72%"
"28.12.2021","104.864","105.555","105.652","104.503","7,51M","-0,65%"
"27.12.2021","105.554","104.892","105.694","104.798","7,59M","0,63%"
"23.12.2021","104.891","105.251","105.453","104.637","7,28M","-0,33%"
"22.12.2021","105.244","105.499","105.711","104.386","8,05M","-0,24%"
"21.12.2021","105.500","105.020","105.906","105.020","9,04M","0,46%"
"20.12.2021","105.020","107.171","107.171","104.358","10,57M","-2,03%"
"17.12.2021","107.201","108.324","108.324","106.518","14,93M","-1,04%"
"16.12.2021","108.326","107.433","109.034","107.433","13,75M","0,83%"
"15.12.2021","107.431","106.763","107.603","105.697","12,66M","0,63%"
"14.12.2021","106.760","107.387","109.148","106.445","11,60M","-0,58%"
"13.12.2021","107.383","107.758","109.493","107.383","12,51M","-0,35%"
"10.12.2021","107.758","106.296","108.275","106.296","10,47M","1,38%"
"09.12.2021","106.291","108.095","108.095","105.890","11,08M","-1,67%"
"08.12.2021","108.096","107.558","108.521","107.309","13,17M","0,50%"
"07.12.2021","107.558","106.868","108.655","106.868","11,77M","0,65%"
"06.12.2021","106.859","105.070","107.498","105.070","11,13M","1,70%"
"03.12.2021","105.070","104.467","106.814","104.090","14,58M","0,58%"
"02.12.2021","104.466","100.785","104.466","100.785","14,85M","3,66%"
"01.12.2021","100.775","101.916","104.087","100.727","13,76M","-1,12%"
"30.11.2021","101.915","102.814","103.066","100.075","18,20M","-0,87%"
"29.11.2021","102.814","102.227","104.149","102.226","10,28M","0,58%"
"26.11.2021","102.224","105.810","105.810","101.495","10,97M","-3,39%"
"25.11.2021","105.811","104.514","106.400","104.514","7,89M","1,24%"
"24.11.2021","104.514","103.652","105.041","102.464","10,47M","0,83%"
"23.11.2021","103.654","102.124","103.841","101.736","13,03M","1,50%"
"22.11.2021","102.122","103.036","104.613","102.122","10,41M","-0,89%"
"19.11.2021","103.035","102.426","103.975","102.143","11,10M","0,59%"
"18.11.2021","102.426","102.948","103.757","102.014","10,91M","-0,51%"
"17.11.2021","102.948","104.405","105.535","102.551","12,83M","-1,39%"
"16.11.2021","104.404","106.336","106.971","104.113","11,58M","-1,82%"
"12.11.2021","106.335","107.576","107.915","105.842","13,25M","-1,17%"
"11.11.2021","107.595","105.988","108.669","105.988","12,66M","1,54%"
"10.11.2021","105.968","105.535","107.407","105.140","12,28M","0,41%"
"09.11.2021","105.535","104.783","106.674","104.783","11,02M","0,72%"
"08.11.2021","104.781","104.824","105.679","104.182","9,36M","-0,04%"
"05.11.2021","104.824","103.412","105.555","103.412","12,59M","1,37%"
"04.11.2021","103.412","105.617","105.627","102.835","12,08M","-2,09%"
"03.11.2021","105.617","105.547","106.754","104.205","14,70M","0,06%"
"01.11.2021","105.551","103.514","106.136","103.514","10,73M","1,98%"
"29.10.2021","103.501","105.707","105.954","103.430","12,60M","-2,09%"
"28.10.2021","105.705","106.369","107.210","105.282","11,50M","-0,62%"
"27.10.2021","106.363","106.433","108.224","106.045","10,83M","-0,05%"
"26.10.2021","106.420","108.713","108.713","106.321","10,76M","-2,11%"
"25.10.2021","108.715","106.298","109.372","106.296","11,51M","2,28%"
"22.10.2021","106.296","107.714","107.749","102.854","21,17M","-1,34%"
"21.10.2021","107.735","110.767","110.767","105.714","16,51M","-2,75%"
"20.10.2021","110.786","110.677","112.023","110.176","11,74M","0,10%"
"19.10.2021","110.673","114.422","114.422","109.947","14,13M","-3,28%"
"18.10.2021","114.428","114.647","114.927","112.841","11,20M","-0,19%"
"15.10.2021","114.648","113.189","114.776","113.049","11,17M","1,29%"
"14.10.2021","113.185","113.457","113.881","112.708","8,96M","-0,24%"
"13.10.2021","113.456","112.180","114.159","111.807","11,73M","1,14%"
"11.10.2021","112.180","112.834","113.982","112.052","10,28M","-0,58%"
"08.10.2021","112.833","110.586","114.172","110.586","12,87M","2,03%"
"07.10.2021","110.585","110.563","111.522","110.563","10,65M","0,02%"
"06.10.2021","110.560","110.454","110.614","108.180","13,28M","0,09%"
"05.10.2021","110.458","110.397","111.691","110.087","10,38M","0,06%"
"04.10.2021","110.393","112.900","112.900","109.979","11,81M","-2,22%"
"01.10.2021","112.900","110.980","113.020","110.980","10,78M","1,73%"
"30.09.2021","110.979","111.117","112.371","110.743","13,16M","-0,11%"
"29.09.2021","111.107","110.125","112.028","110.125","11,37M","0,89%"
"28.09.2021","110.124","113.584","113.584","109.981","13,19M","-3,05%"
"27.09.2021","113.583","113.283","114.432","112.360","10,74M","0,27%"
"24.09.2021","113.283","114.062","114.062","112.505","9,12M","-0,69%"
"23.09.2021","114.064","112.282","114.330","112.281","11,48M","1,59%"
"22.09.2021","112.282","110.252","113.321","110.251","12,16M","1,84%"
"21.09.2021","110.250","108.859","110.923","108.859","11,25M","1,29%"
"20.09.2021","108.844","111.435","111.435","107.520","11,50M","-2,33%"
"17.09.2021","111.439","113.794","113.794","111.157","14,83M","-2,07%"
"16.09.2021","113.794","115.062","115.062","113.395","10,69M","-1,10%"
"15.09.2021","115.063","116.191","116.312","114.741","9,46M","-0,96%"
"14.09.2021","116.181","116.405","117.270","115.809","9,03M","-0,19%"
"13.09.2021","116.404","114.300","117.046","114.300","9,25M","1,85%"
"10.09.2021","114.286","115.370","116.896","114.286","11,16M","-0,93%"
"09.09.2021","115.361","113.413","116.354","112.435","13,89M","1,72%"
"08.09.2021","113.413","117.866","117.866","113.172","12,32M","-3,78%"
"06.09.2021","117.869","116.926","117.981","116.156","5,11M","0,80%"
"03.09.2021","116.933","116.679","117.396","115.583","12,52M","0,22%"
"02.09.2021","116.677","119.394","119.397","116.534","9,86M","-2,28%"
"01.09.2021","119.396","118.793","119.942","118.067","9,52M","0,52%"
"31.08.2021","118.781","119.738","120.157","117.911","11,54M","-0,80%"
"30.08.2021","119.740","120.677","120.684","119.354","6,39M","-0,78%"
"27.08.2021","120.678","118.725","120.678","118.721","7,32M","1,65%"
"26.08.2021","118.724","120.817","120.833","118.719","8,43M","-1,73%"
"25.08.2021","120.818","120.210","120.818","119.226","7,52M","0,50%"
"24.08.2021","120.211","117.474","120.463","117.474","9,18M","2,33%"
"23.08.2021","117.472","118.053","118.445","117.062","7,85M","-0,49%"
"20.08.2021","118.053","117.163","118.308","116.040","8,93M","0,76%"
"19.08.2021","117.165","116.641","117.453","114.801","10,52M","0,45%"
"18.08.2021","116.643","117.904","118.739","116.489","11,75M","-1,07%"
"17.08.2021","117.904","119.179","119.179","116.248","11,22M","-1,07%"
"16.08.2021","119.180","121.191","121.191","118.684","9,74M","-1,66%"
"13.08.2021","121.194","120.701","121.275","120.045","10,64M","0,41%"
"12.08.2021","120.701","122.056","122.095","120.534","11,07M","-1,11%"
"11.08.2021","122.056","122.203","122.756","120.827","8,69M","-0,12%"
"10.08.2021","122.202","123.021","123.513","122.061","8,30M","-0,66%"
"09.08.2021","123.019","122.809","123.597","122.258","7,17M","0,17%"
"06.08.2021","122.810","121.633","123.287","121.568","7,50M","0,97%"
"05.08.2021","121.633","121.801","123.541","121.128","10,91M","-0,14%"
"04.08.2021","121.801","123.577","123.587","121.072","9,16M","-1,44%"
"03.08.2021","123.577","122.516","123.765","120.807","9,39M","0,87%"
"02.08.2021","122.516","121.803","124.536","121.797","8,57M","0,59%"
"30.07.2021","121.801","125.672","125.673","121.748","9,40M","-3,08%"
"29.07.2021","125.675","126.285","126.476","124.917","7,49M","-0,48%"
"28.07.2021","126.286","124.615","126.712","124.542","9,04M","1,34%"
"27.07.2021","124.612","126.004","126.026","123.670","7,31M","-1,10%"
"26.07.2021","126.004","125.058","126.214","125.006","6,33M","0,76%"
"23.07.2021","125.053","126.140","126.204","124.422","6,05M","-0,87%"
"22.07.2021","126.147","125.930","126.428","125.416","6,48M","0,17%"
"21.07.2021","125.929","125.404","126.112","125.247","7,15M","0,42%"
"20.07.2021","125.401","124.395","125.631","123.631","7,63M","0,81%"
"19.07.2021","124.395","125.958","125.958","123.317","9,21M","-1,24%"
"16.07.2021","125.960","127.468","128.010","125.808","7,36M","-1,18%"
"15.07.2021","127.468","128.407","128.976","126.922","7,42M","-0,73%"
"14.07.2021","128.407","128.169","129.620","128.085","9,21M","0,19%"
"13.07.2021","128.168","127.594","128.420","126.441","7,15M","0,45%"
"12.07.2021","127.594","125.428","127.782","125.428","7,42M","1,73%"
"08.07.2021","125.428","127.013","127.013","124.310","8,88M","-1,25%"
"07.07.2021","127.019","125.096","127.249","125.094","8,15M","1,54%"
"06.07.2021","125.095","126.919","126.919","124.866","7,65M","-1,44%"
"05.07.2021","126.920","127.622","127.633","126.531","5,26M","-0,55%"
"02.07.2021","127.622","125.667","127.672","125.667","7,43M","1,56%"
"01.07.2021","125.666","126.802","127.204","124.994","9,29M","-0,90%"
"30.06.2021","126.802","127.323","127.323","126.199","9,10M","-0,41%"
"29.06.2021","127.327","127.429","127.507","126.184","7,78M","-0,08%"
"28.06.2021","127.429","127.255","128.067","126.629","8,16M","0,14%"
"25.06.2021","127.256","129.513","129.748","126.697","9,36M","-1,74%"
"24.06.2021","129.514","128.433","129.541","128.428","7,24M","0,85%"
"23.06.2021","128.428","128.769","129.901","128.182","7,99M","-0,26%"
"22.06.2021","128.767","129.242","129.259","127.803","9,33M","-0,38%"
"21.06.2021","129.265","128.405","129.412","128.048","7,33M","0,67%"
"18.06.2021","128.405","128.050","128.796","127.595","12,43M","0,27%"
"17.06.2021","128.057","129.259","129.919","127.576","9,66M","-0,93%"
"16.06.2021","129.259","130.091","130.283","128.345","12,88M","-0,64%"
"15.06.2021","130.091","130.208","130.436","129.304","7,21M","-0,09%"
"14.06.2021","130.208","129.441","131.084","129.441","8,16M","0,59%"
"11.06.2021","129.441","130.076","130.294","128.678","7,75M","-0,49%"
"10.06.2021","130.076","129.911","130.527","129.526","8,53M","0,13%"
"09.06.2021","129.907","129.800","130.882","129.281","9,84M","0,09%"
"08.06.2021","129.787","130.776","130.776","129.230","10,35M","-0,76%"
"07.06.2021","130.776","130.125","131.190","129.498","9,66M","0,50%"
"04.06.2021","130.126","129.600","130.137","129.148","9,81M","0,40%"
"02.06.2021","129.601","128.268","129.601","128.167","12,78M","1,04%"
"01.06.2021","128.267","126.218","128.363","126.218","12,50M","1,63%"
"31.05.2021","126.216","125.561","126.216","125.540","5,95M","0,52%"
"28.05.2021","125.561","124.367","125.698","124.284","8,85M","0,96%"
"27.05.2021","124.367","123.989","124.537","123.470","13,14M","0,30%"
"26.05.2021","123.989","122.988","124.256","122.988","8,26M","0,81%"
"25.05.2021","122.988","124.032","124.696","122.701","8,91M","-0,84%"
"24.05.2021","124.032","122.592","124.167","122.526","8,19M","1,17%"
"21.05.2021","122.592","122.701","122.799","121.760","9,49M","-0,09%"
"20.05.2021","122.701","122.636","122.734","122.136","7,91M","0,05%"
"19.05.2021","122.636","122.976","123.013","121.595","8,83M","-0,28%"
"18.05.2021","122.980","122.937","123.544","122.550","7,84M","0,03%"
"17.05.2021","122.938","121.880","123.074","121.680","7,41M","0,87%"
"14.05.2021","121.881","120.719","122.195","120.719","10,14M","0,97%"
"13.05.2021","120.706","119.711","121.426","119.711","9,36M","0,83%"
"12.05.2021","119.710","122.964","122.964","119.458","9,41M","-2,65%"
"11.05.2021","122.964","121.904","122.964","120.145","7,99M","0,87%"
"10.05.2021","121.909","122.038","122.772","121.795","8,22M","-0,11%"
"07.05.2021","122.038","119.922","122.038","119.922","8,87M","1,77%"
"06.05.2021","119.921","119.577","119.966","119.071","8,78M","0,30%"
"05.05.2021","119.564","117.725","119.734","117.725","9,06M","1,57%"
"04.05.2021","117.712","119.209","119.293","117.631","8,77M","-1,26%"
"03.05.2021","119.209","118.951","119.904","118.528","8,89M","0,27%"
"30.04.2021","118.894","120.064","120.125","118.894","11,09M","-0,98%"
"29.04.2021","120.066","121.053","121.498","119.703","8,50M","-0,82%"
"28.04.2021","121.053","119.392","121.276","119.392","9,08M","1,39%"
"27.04.2021","119.388","120.595","121.012","119.003","8,36M","-1,00%"
"26.04.2021","120.595","120.534","121.393","119.860","7,10M","0,05%"
"23.04.2021","120.530","119.372","120.815","119.372","7,62M","0,97%"
"22.04.2021","119.371","120.064","120.995","119.203","8,60M","-0,58%"
"20.04.2021","120.062","120.925","121.354","119.841","7,81M","-0,72%"
"19.04.2021","120.934","121.116","121.974","120.682","10,03M","-0,15%"
"16.04.2021","121.114","120.701","121.333","120.199","7,95M","0,34%"
"15.04.2021","120.701","120.290","121.409","120.084","7,95M","0,34%"
"14.04.2021","120.295","119.298","120.871","119.298","10,08M","0,84%"
"13.04.2021","119.297","118.809","119.529","118.041","8,98M","0,41%"
"12.04.2021","118.812","117.661","118.812","117.661","7,00M","0,97%"
"09.04.2021","117.670","118.313","118.643","117.336","7,74M","-0,54%"
"08.04.2021","118.313","117.624","118.850","117.486","8,78M","0,59%"
"07.04.2021","117.624","117.499","118.303","116.748","8,54M","0,11%"
"06.04.2021","117.499","117.519","118.213","117.176","6,80M","-0,02%"
"05.04.2021","117.518","115.262","117.668","115.262","7,25M","1,97%"
"01.04.2021","115.253","116.644","117.088","114.991","8,02M","-1,18%"
"31.03.2021","116.634","116.850","117.249","115.932","10,66M","-0,18%"
"30.03.2021","116.850","115.414","117.090","114.999","8,14M","1,24%"
"29.03.2021","115.419","114.776","115.553","114.096","7,46M","0,56%"
"26.03.2021","114.781","113.750","115.416","113.305","8,66M","0,91%"
"25.03.2021","113.750","112.065","114.024","110.927","10,31M","1,50%"
"24.03.2021","112.064","113.272","114.823","112.064","9,83M","-1,06%"
"23.03.2021","113.262","114.977","115.599","113.062","8,30M","-1,49%"
"22.03.2021","114.979","116.222","116.225","113.620","8,16M","-1,07%"
"19.03.2021","116.222","114.837","116.446","114.610","12,34M","1,21%"
"18.03.2021","114.835","116.549","116.751","114.302","9,92M","-1,47%"
"17.03.2021","116.549","114.018","116.736","113.428","9,43M","2,22%"
"16.03.2021","114.019","114.845","114.974","113.370","7,80M","-0,72%"
"15.03.2021","114.851","114.093","114.903","113.635","8,22M","0,60%"
"12.03.2021","114.160","114.984","114.984","113.253","8,11M","-0,72%"
"11.03.2021","114.984","112.782","115.127","112.776","12,09M","1,96%"
"10.03.2021","112.776","111.331","112.928","109.999","12,51M","1,30%"
"09.03.2021","111.331","110.611","112.525","109.343","12,14M","0,65%"
"08.03.2021","110.612","115.202","115.202","110.268","13,70M","-3,98%"
"05.03.2021","115.202","112.690","115.504","112.504","13,25M","2,23%"
"04.03.2021","112.690","111.191","114.433","111.163","14,22M","1,35%"
"03.03.2021","111.184","111.529","112.398","107.466","15,14M","-0,32%"
"02.03.2021","111.540","110.328","112.428","107.319","14,82M","1,09%"
"01.03.2021","110.335","110.036","112.445","110.036","11,24M","0,27%"
"26.02.2021","110.035","112.260","113.466","109.827","14,62M","-1,98%"
"25.02.2021","112.256","115.668","116.506","111.764","12,47M","-2,95%"
"24.02.2021","115.668","115.229","116.208","114.668","11,40M","0,38%"
"23.02.2021","115.227","112.676","115.380","112.667","15,17M","2,27%"
"22.02.2021","112.668","118.388","118.388","111.650","21,77M","-4,87%"
"19.02.2021","118.431","119.199","119.250","117.867","10,40M","-0,64%"
"18.02.2021","119.199","120.361","120.845","118.515","10,72M","-0,96%"
"17.02.2021","120.356","119.421","120.597","118.880","8,33M","0,78%"
"12.02.2021","119.429","119.300","119.763","118.163","7,66M","0,11%"
"11.02.2021","119.300","118.440","120.283","118.440","7,57M","0,73%"
"10.02.2021","118.435","119.472","119.738","117.970","8,64M","-0,87%"
"09.02.2021","119.472","119.696","119.975","118.246","7,91M","-0,19%"
"08.02.2021","119.696","120.239","120.844","119.140","8,62M","-0,45%"
"05.02.2021","120.240","119.261","121.117","119.261","8,21M","0,82%"
"04.02.2021","119.261","119.728","120.560","118.918","8,10M","-0,39%"
"03.02.2021","119.725","118.235","120.210","118.234","8,70M","1,26%"
"02.02.2021","118.234","117.520","119.805","117.519","11,63M","0,61%"
"01.02.2021","117.518","115.093","117.862","115.093","8,72M","2,13%"
"29.01.2021","115.068","118.880","118.880","114.973","10,97M","-3,21%"
"28.01.2021","118.883","115.882","119.355","115.734","12,07M","2,59%"
"27.01.2021","115.882","116.463","117.840","114.887","12,38M","-0,50%"
"26.01.2021","116.464","117.381","119.167","116.109","10,68M","-0,78%"
"22.01.2021","117.380","118.318","118.318","116.109","9,37M","-0,80%"
"21.01.2021","118.329","119.628","120.243","117.785","8,57M","-1,10%"
"20.01.2021","119.646","120.645","121.449","118.740","7,95M","-0,82%"
"19.01.2021","120.636","121.250","122.120","119.257","7,89M","-0,50%"
"18.01.2021","121.242","120.351","122.586","120.351","7,22M","0,74%"
"15.01.2021","120.349","123.472","123.472","120.185","9,39M","-2,54%"
"14.01.2021","123.481","121.947","123.896","121.947","8,97M","1,27%"
"13.01.2021","121.933","123.996","124.032","121.016","10,29M","-1,67%"
"12.01.2021","123.998","123.255","124.584","123.227","8,95M","0,60%"
"11.01.2021","123.255","125.075","125.075","122.506","9,54M","-1,46%"
"08.01.2021","125.077","122.387","125.324","122.386","11,09M","2,20%"
"07.01.2021","122.386","119.103","122.697","119.101","11,77M","2,76%"
"06.01.2021","119.100","119.377","120.924","118.917","11,64M","-0,23%"
"05.01.2021","119.376","118.835","119.790","116.756","9,26M","0,44%"
"04.01.2021","118.855","119.024","120.354","118.062","8,74M","-0,14%"
"30.12.2020","119.017","119.410","120.150","118.919","8,24M","-0,33%"
"29.12.2020","119.409","119.130","119.861","118.750","6,77M","0,24%"
"28.12.2020","119.124","117.806","119.213","117.805","7,17M","1,12%"
"23.12.2020","117.807","116.636","118.311","116.636","6,48M","1,00%"
"22.12.2020","116.636","115.825","116.903","115.648","6,95M","0,70%"
"21.12.2020","115.823","118.021","118.021","114.730","10,35M","-1,86%"
"18.12.2020","118.024","118.395","119.370","117.638","8,64M","-0,32%"
"17.12.2020","118.401","117.864","119.027","117.856","7,70M","0,46%"
"16.12.2020","117.857","116.149","118.178","115.496","9,81M","1,47%"
"15.12.2020","116.149","114.613","116.390","114.613","8,20M","1,34%"
"14.12.2020","114.611","115.137","115.740","114.431","8,19M","-0,45%"
"11.12.2020","115.128","115.128","115.527","113.949","8,37M","0,00%"
"10.12.2020","115.129","113.002","115.262","112.732","11,80M","1,88%"
"09.12.2020","113.001","113.799","114.020","112.567","8,43M","-0,70%"
"08.12.2020","113.793","113.590","114.381","112.820","8,81M","0,18%"
"07.12.2020","113.590","113.751","114.531","112.629","9,63M","-0,14%"
"04.12.2020","113.750","112.294","113.864","112.294","8,89M","1,30%"
"03.12.2020","112.292","111.874","113.377","111.874","11,47M","0,37%"
"02.12.2020","111.879","111.402","112.315","110.579","9,81M","0,43%"
"01.12.2020","111.400","108.897","111.840","108.897","11,32M","2,30%"
"30.11.2020","108.893","110.598","110.934","108.829","19,30M","-1,52%"
"27.11.2020","110.575","110.229","111.603","110.161","8,79M","0,32%"
"26.11.2020","110.227","110.133","110.245","109.418","6,17M","0,09%"
"25.11.2020","110.133","109.786","110.596","109.315","8,56M","0,32%"
"24.11.2020","109.786","107.378","109.956","107.361","11,93M","2,24%"
"23.11.2020","107.379","106.050","107.495","106.050","9,69M","1,26%"
"20.11.2020","106.042","106.670","106.764","105.680","7,10M","-0,59%"
"19.11.2020","106.670","106.117","106.973","105.545","8,56M","0,52%"
"18.11.2020","106.119","107.246","107.467","106.043","10,34M","-1,05%"
"17.11.2020","107.249","106.430","107.810","105.847","10,31M","0,77%"
"16.11.2020","106.430","104.729","106.518","104.729","11,72M","1,63%"
"13.11.2020","104.723","102.509","104.726","102.509","9,77M","2,16%"
"12.11.2020","102.507","104.810","105.019","102.034","10,86M","-2,20%"
"11.11.2020","104.809","105.067","105.462","104.143","10,84M","-0,25%"
"10.11.2020","105.067","103.516","105.758","103.453","16,67M","1,50%"
"09.11.2020","103.515","100.954","105.147","100.954","17,41M","2,57%"
"06.11.2020","100.925","100.751","101.104","99.837","8,38M","0,17%"
"05.11.2020","100.751","97.873","100.922","97.872","10,46M","2,95%"
"04.11.2020","97.867","95.992","98.296","95.987","10,70M","1,97%"
"03.11.2020","95.980","93.968","96.350","93.968","10,19M","2,16%"
"30.10.2020","93.952","96.579","96.579","93.559","10,64M","-2,72%"
"29.10.2020","96.582","95.368","96.688","93.387","12,70M","1,27%"
"28.10.2020","95.369","99.598","99.598","95.369","11,05M","-4,25%"
"27.10.2020","99.606","101.017","101.660","99.414","8,67M","-1,40%"
"26.10.2020","101.017","101.260","101.784","99.762","8,07M","-0,24%"
"23.10.2020","101.260","101.918","102.218","101.188","7,56M","-0,65%"
"22.10.2020","101.918","100.553","102.020","100.457","9,56M","1,36%"
"21.10.2020","100.552","100.541","101.586","100.149","8,66M","0,01%"
"20.10.2020","100.540","98.664","100.722","98.664","8,80M","1,91%"
"19.10.2020","98.658","98.310","99.917","98.310","9,93M","0,35%"
"16.10.2020","98.309","99.054","99.172","98.309","7,84M","-0,75%"
"15.10.2020","99.054","99.328","99.486","97.778","8,34M","-0,28%"
"14.10.2020","99.334","98.502","99.571","98.501","8,90M","0,84%"
"13.10.2020","98.503","97.483","98.998","97.336","7,87M","1,05%"
"09.10.2020","97.483","97.924","98.642","97.161","10,81M","-0,45%"
"08.10.2020","97.920","95.530","97.938","95.530","11,16M","2,51%"
"07.10.2020","95.526","95.616","96.380","94.881","9,83M","-0,09%"
"06.10.2020","95.615","96.091","97.405","95.211","11,30M","-0,49%"
"05.10.2020","96.089","94.019","96.414","93.984","8,62M","2,21%"
"02.10.2020","94.016","95.475","95.996","93.897","8,58M","-1,53%"
"01.10.2020","95.479","94.604","95.486","93.599","9,24M","0,93%"
"30.09.2020","94.603","93.586","95.340","93.584","9,49M","1,09%"
"29.09.2020","93.580","94.665","95.505","93.408","8,74M","-1,15%"
"28.09.2020","94.666","97.005","98.314","94.371","10,51M","-2,41%"
"25.09.2020","96.999","97.011","97.012","95.632","7,35M","-0,01%"
"24.09.2020","97.012","95.735","97.955","95.653","9,33M","1,33%"
"23.09.2020","95.735","97.294","97.389","95.728","8,83M","-1,60%"
"22.09.2020","97.294","96.995","97.684","96.390","7,28M","0,31%"
"21.09.2020","96.991","98.283","98.283","95.820","9,74M","-1,32%"
"18.09.2020","98.290","100.098","100.102","98.045","11,37M","-1,81%"
"17.09.2020","100.098","99.674","100.251","98.562","7,86M","0,42%"
"16.09.2020","99.676","100.299","100.663","99.663","7,14M","-0,62%"
"15.09.2020","100.298","100.277","100.949","99.647","9,22M","0,02%"
"14.09.2020","100.275","98.367","100.520","98.367","8,18M","1,94%"
"11.09.2020","98.363","98.839","99.435","97.758","9,11M","-0,48%"
"10.09.2020","98.835","101.291","101.536","98.687","8,89M","-2,43%"
"09.09.2020","101.292","100.050","101.578","100.050","7,96M","1,24%"
"08.09.2020","100.050","101.239","101.239","99.373","8,48M","-1,18%"
"04.09.2020","101.242","100.733","101.582","98.961","11,33M","0,52%"
"03.09.2020","100.721","101.911","103.226","99.751","12,61M","-1,17%"
"02.09.2020","101.911","102.168","102.824","100.872","7,56M","-0,25%"
"01.09.2020","102.168","99.382","102.238","99.382","9,38M","2,82%"
"31.08.2020","99.369","102.142","102.142","99.369","12,23M","-2,72%"
"28.08.2020","102.143","100.631","102.347","100.631","7,67M","1,51%"
"27.08.2020","100.624","100.625","101.548","99.857","7,36M","0,00%"
"26.08.2020","100.627","102.119","102.521","99.359","9,86M","-1,46%"
"25.08.2020","102.118","102.293","102.708","101.623","8,19M","-0,18%"
"24.08.2020","102.298","101.525","102.515","101.525","7,72M","0,77%"
"21.08.2020","101.521","101.460","101.566","100.412","9,10M","0,05%"
"20.08.2020","101.468","100.853","101.749","99.131","9,40M","0,61%"
"19.08.2020","100.854","102.072","102.334","100.800","10,03M","-1,19%"
"18.08.2020","102.065","99.597","102.247","99.597","9,42M","2,48%"
"17.08.2020","99.595","101.348","101.689","98.513","10,82M","-1,73%"
"14.08.2020","101.353","100.469","101.717","100.445","8,58M","0,89%"
"13.08.2020","100.461","102.118","103.237","100.187","10,72M","-1,62%"
"12.08.2020","102.118","102.176","103.116","100.698","10,11M","-0,06%"
"11.08.2020","102.174","103.449","104.409","102.174","9,36M","-1,23%"
"10.08.2020","103.444","102.776","103.722","101.282","8,26M","0,65%"
"07.08.2020","102.776","104.116","104.126","101.957","10,34M","-1,30%"
"06.08.2020","104.126","102.795","104.523","102.795","9,69M","1,29%"
"05.08.2020","102.802","101.220","103.763","101.220","10,92M","1,57%"
"04.08.2020","101.216","102.826","103.012","100.005","12,03M","-1,57%"
"03.08.2020","102.830","102.913","103.863","102.304","10,90M","-0,08%"
"31.07.2020","102.912","105.010","105.462","102.642","12,93M","-2,00%"
"30.07.2020","105.009","105.605","105.607","103.920","9,59M","-0,56%"
"29.07.2020","105.605","104.112","105.704","104.112","9,24M","1,44%"
"28.07.2020","104.109","104.477","104.663","103.592","9,09M","-0,35%"
"27.07.2020","104.477","102.381","104.585","102.381","9,62M","2,05%"
"24.07.2020","102.382","102.292","102.694","100.859","9,80M","0,09%"
"23.07.2020","102.293","104.291","104.949","102.119","10,37M","-1,91%"
"22.07.2020","104.290","104.312","104.980","103.277","10,83M","-0,02%"
"21.07.2020","104.310","104.426","105.449","103.732","11,11M","-0,11%"
"20.07.2020","104.426","102.888","104.439","102.744","8,93M","1,49%"
"17.07.2020","102.888","100.554","103.017","100.554","10,43M","2,32%"
"16.07.2020","100.553","101.791","101.792","100.160","8,13M","-1,22%"
"15.07.2020","101.791","100.444","102.114","100.444","9,29M","1,34%"
"14.07.2020","100.440","98.699","100.632","98.289","10,02M","1,77%"
"13.07.2020","98.697","100.027","100.858","98.697","10,38M","-1,33%"
"10.07.2020","100.032","99.160","100.101","98.739","9,15M","0,88%"
"09.07.2020","99.160","99.770","100.191","98.861","9,47M","-0,61%"
"08.07.2020","99.770","97.765","99.973","97.765","9,14M","2,05%"
"07.07.2020","97.761","98.937","98.938","97.272","8,95M","-1,19%"
"06.07.2020","98.937","96.776","99.257","96.768","9,49M","2,24%"
"03.07.2020","96.765","96.237","96.765","95.803","5,35M","0,55%"
"02.07.2020","96.235","96.206","97.864","96.052","10,06M","0,03%"
"01.07.2020","96.203","95.062","96.852","95.062","10,16M","1,21%"
"30.06.2020","95.056","95.728","96.257","94.806","10,14M","-0,71%"
"29.06.2020","95.735","93.837","95.735","93.825","8,91M","2,03%"
"26.06.2020","93.834","95.979","95.979","93.514","8,44M","-2,24%"
"25.06.2020","95.983","94.382","96.260","94.152","8,70M","1,70%"
"24.06.2020","94.377","95.974","95.974","93.259","9,96M","-1,66%"
"23.06.2020","95.975","95.344","97.486","95.344","9,75M","0,67%"
"22.06.2020","95.336","96.572","96.870","94.869","8,26M","-1,28%"
"19.06.2020","96.572","96.138","97.540","95.874","13,13M","0,46%"
"18.06.2020","96.125","95.547","97.110","94.698","10,01M","0,60%"
"17.06.2020","95.547","93.531","96.611","93.531","11,13M","2,16%"
"16.06.2020","93.531","92.387","95.216","92.387","12,03M","1,25%"
"15.06.2020","92.376","92.780","93.112","90.148","13,32M","-0,45%"
"12.06.2020","92.795","94.677","94.703","90.811","12,79M","-2,00%"
"10.06.2020","94.686","96.747","97.646","94.665","11,74M","-2,13%"
"09.06.2020","96.747","97.644","97.644","95.386","11,29M","-0,92%"
"08.06.2020","97.645","94.640","97.693","94.635","11,10M","3,18%"
"05.06.2020","94.637","93.839","97.356","93.839","13,32M","0,86%"
"04.06.2020","93.829","92.993","94.132","92.221","11,49M","0,89%"
"03.06.2020","93.002","91.048","93.710","91.048","15,14M","2,15%"
"02.06.2020","91.046","88.622","91.046","88.622","11,83M","2,74%"
"01.06.2020","88.620","87.395","89.019","86.837","9,85M","1,39%"
"29.05.2020","87.403","86.951","87.410","85.384","16,55M","0,52%"
"28.05.2020","86.949","87.946","88.091","86.767","10,12M","-1,13%"
"27.05.2020","87.946","85.468","87.946","85.468","11,21M","2,90%"
"26.05.2020","85.469","85.668","87.333","85.396","12,03M","-0,23%"
"25.05.2020","85.663","82.198","85.876","82.193","8,76M","4,25%"
"22.05.2020","82.173","83.027","83.027","81.669","9,28M","-1,03%"
"21.05.2020","83.027","81.320","83.309","81.317","11,40M","2,10%"
"20.05.2020","81.319","80.747","82.290","80.740","9,52M","0,71%"
"19.05.2020","80.742","81.197","82.175","80.647","10,74M","-0,56%"
"18.05.2020","81.194","77.576","81.420","77.571","11,53M","4,69%"
"15.05.2020","77.557","79.011","79.538","77.426","11,72M","-1,84%"
"14.05.2020","79.011","77.770","79.011","75.697","13,82M","1,59%"
"13.05.2020","77.772","77.877","78.911","77.152","11,58M","-0,13%"
"12.05.2020","77.872","79.065","80.344","77.872","10,25M","-1,51%"
"11.05.2020","79.065","80.263","80.723","78.994","9,78M","-1,49%"
"08.05.2020","80.263","78.152","80.557","78.152","10,73M","2,75%"
"07.05.2020","78.119","79.072","80.061","78.061","13,81M","-1,20%"
"06.05.2020","79.064","79.473","79.996","78.056","9,78M","-0,51%"
"05.05.2020","79.471","78.887","81.066","78.886","9,15M","0,75%"
"04.05.2020","78.876","80.501","80.502","77.640","8,59M","-2,02%"
"30.04.2020","80.506","83.169","83.169","80.168","11,80M","-3,20%"
"29.04.2020","83.171","81.313","83.598","81.313","11,72M","2,29%"
"28.04.2020","81.312","78.243","81.427","78.243","12,94M","3,93%"
"27.04.2020","78.239","75.334","78.563","75.327","10,66M","3,86%"
"24.04.2020","75.331","79.667","79.667","72.041","16,53M","-5,45%"
"23.04.2020","79.673","80.690","81.934","78.622","10,82M","-1,26%"
"22.04.2020","80.687","78.973","81.184","78.973","9,85M","2,17%"
"20.04.2020","78.973","78.989","80.106","76.943","8,87M","-0,02%"
"17.04.2020","78.990","77.817","79.846","77.754","8,32M","1,51%"
"16.04.2020","77.812","78.837","80.167","77.452","9,03M","-1,29%"
"15.04.2020","78.831","79.911","80.035","77.546","9,76M","-1,36%"
"14.04.2020","79.918","78.848","81.668","78.848","8,59M","1,37%"
"13.04.2020","78.836","77.682","78.836","76.405","7,65M","1,49%"
"09.04.2020","77.682","78.640","80.428","77.457","10,75M","-1,20%"
"08.04.2020","78.625","76.335","79.058","76.115","10,21M","2,97%"
"07.04.2020","76.358","74.078","79.855","74.078","11,29M","3,08%"
"06.04.2020","74.073","69.556","75.260","69.556","9,69M","6,52%"
"03.04.2020","69.538","72.241","72.241","67.802","10,41M","-3,76%"
"02.04.2020","72.253","70.969","73.861","70.957","10,54M","1,81%"
"01.04.2020","70.967","73.011","73.011","69.569","10,09M","-2,81%"
"31.03.2020","73.020","74.629","75.511","72.385","11,14M","-2,17%"
"30.03.2020","74.639","73.431","75.430","73.184","9,03M","1,65%"
"27.03.2020","73.429","77.708","77.708","73.057","10,30M","-5,51%"
"26.03.2020","77.710","74.956","78.846","74.923","12,76M","3,67%"
"25.03.2020","74.956","69.727","76.714","69.360","12,95M","7,50%"
"24.03.2020","69.729","63.604","71.535","63.604","11,68M","9,69%"
"23.03.2020","63.570","67.067","67.604","62.161","11,96M","-5,22%"
"20.03.2020","67.069","68.344","72.247","66.120","15,15M","-1,85%"
"19.03.2020","68.332","66.883","70.071","61.691","16,14M","2,15%"
"18.03.2020","66.895","74.576","74.576","63.547","16,75M","-10,35%"
"17.03.2020","74.617","71.178","77.255","70.783","14,95M","4,85%"
"16.03.2020","71.168","82.565","82.565","70.855","12,85M","-13,92%"
"13.03.2020","82.678","72.621","83.758","72.621","15,77M","13,91%"
"12.03.2020","72.583","85.103","85.103","68.488","12,01M","-14,78%"
"11.03.2020","85.171","92.202","92.202","80.796","11,79M","-7,64%"
"10.03.2020","92.214","86.071","92.230","86.071","13,53M","7,14%"
"09.03.2020","86.067","97.982","97.982","85.880","14,65M","-12,17%"
"06.03.2020","97.997","102.231","102.231","96.886","11,86M","-4,14%"
"05.03.2020","102.233","107.217","107.217","100.536","8,60M","-4,65%"
"04.03.2020","107.224","105.540","107.809","105.042","8,41M","1,60%"
"03.03.2020","105.537","106.630","108.804","104.405","9,39M","-1,02%"
"02.03.2020","106.625","104.260","107.220","103.779","8,86M","2,36%"
"28.02.2020","104.172","102.984","104.172","99.951","11,23M","1,15%"
"27.02.2020","102.984","105.711","106.656","102.984","11,24M","-2,59%"
"26.02.2020","105.718","113.647","113.647","105.053","9,37M","-7,00%"
"21.02.2020","113.681","114.585","114.585","112.661","5,90M","-0,79%"
"20.02.2020","114.586","116.518","116.552","114.379","6,79M","-1,66%"
"19.02.2020","116.518","114.982","116.545","114.774","6,33M","1,34%"
"18.02.2020","114.977","115.309","115.309","113.532","5,55M","-0,29%"
"17.02.2020","115.309","114.381","115.696","114.381","4,36M","0,81%"
"14.02.2020","114.381","115.663","115.663","114.132","5,34M","-1,11%"
"13.02.2020","115.662","116.660","116.660","114.801","5,64M","-0,87%"
"12.02.2020","116.674","115.371","117.581","115.371","8,16M","1,13%"
"11.02.2020","115.371","112.574","115.576","112.574","6,77M","2,49%"
"10.02.2020","112.570","113.771","114.176","112.134","7,49M","-1,05%"
"07.02.2020","113.770","115.190","115.190","113.769","6,59M","-1,23%"
"06.02.2020","115.190","116.033","117.382","114.723","7,38M","-0,72%"
"05.02.2020","116.028","115.563","117.701","115.562","7,17M","0,41%"
"04.02.2020","115.557","114.631","116.556","114.631","5,83M","0,81%"
"03.02.2020","114.629","113.761","115.299","113.467","5,51M","0,76%"
"31.01.2020","113.761","115.518","115.518","113.148","6,22M","-1,53%"
"30.01.2020","115.528","115.375","115.528","112.825","6,32M","0,12%"
"29.01.2020","115.385","116.494","117.171","115.164","5,10M","-0,94%"
"28.01.2020","116.479","114.482","116.797","114.475","5,23M","1,74%"
"27.01.2020","114.482","118.347","118.347","114.376","6,10M","-3,29%"
"24.01.2020","118.376","119.528","119.593","118.108","4,78M","-0,96%"
"23.01.2020","119.528","118.391","119.535","116.906","6,57M","0,96%"
"22.01.2020","118.391","117.035","118.401","117.035","5,77M","1,17%"
"21.01.2020","117.026","118.861","118.861","117.026","5,09M","-1,54%"
"20.01.2020","118.862","118.478","118.862","117.928","3,84M","0,32%"
"17.01.2020","118.478","116.710","118.479","116.710","4,95M","1,52%"
"16.01.2020","116.704","116.415","117.106","115.961","5,42M","0,25%"
"15.01.2020","116.414","117.632","117.632","116.188","5,57M","-1,04%"
"14.01.2020","117.632","117.325","117.705","116.610","5,36M","0,26%"
"13.01.2020","117.325","115.503","117.333","115.503","5,69M","1,58%"
"10.01.2020","115.503","115.948","116.745","114.952","4,78M","-0,38%"
"09.01.2020","115.947","116.248","116.820","115.411","5,95M","-0,26%"
"08.01.2020","116.247","116.667","117.335","115.693","5,91M","-0,36%"
"07.01.2020","116.662","116.872","117.076","115.965","4,85M","-0,18%"
"06.01.2020","116.878","117.707","117.707","116.269","6,57M","-0,70%"
"03.01.2020","117.707","118.564","118.792","117.341","6,83M","-0,73%"
"02.01.2020","118.573","115.652","118.573","115.649","5,16M","2,53%"
"30.12.2019","115.645","116.530","117.086","115.599","3,67M","-0,76%"
"27.12.2019","116.534","117.205","117.803","115.995","3,91M","-0,57%"
"26.12.2019","117.203","115.864","117.220","115.673","3,79M","1,16%"
"23.12.2019","115.863","115.119","115.863","114.964","4,00M","0,64%"
"20.12.2019","115.121","115.133","115.171","114.526","6,89M","-0,01%"
"19.12.2019","115.131","114.313","115.132","113.712","5,78M","0,71%"
"18.12.2019","114.315","112.618","114.339","112.300","7,94M","1,51%"
"17.12.2019","112.616","111.897","112.695","111.897","5,35M","0,64%"
"16.12.2019","111.896","112.565","113.197","111.896","6,08M","-0,59%"
"13.12.2019","112.565","112.205","112.829","111.780","7,71M","0,33%"
"12.12.2019","112.200","110.963","112.445","110.963","5,68M","1,11%"
"11.12.2019","110.964","110.672","111.227","110.530","5,15M","0,26%"
"10.12.2019","110.672","110.973","111.184","110.133","4,76M","-0,28%"
"09.12.2019","110.977","111.125","111.453","110.870","4,99M","-0,13%"
"06.12.2019","111.126","110.623","111.430","110.623","4,97M","0,46%"
"05.12.2019","110.622","110.297","111.073","110.008","4,40M","0,29%"
"04.12.2019","110.301","108.962","110.301","108.962","4,89M","1,23%"
"03.12.2019","108.956","108.931","109.198","108.190","5,22M","0,03%"
"02.12.2019","108.928","108.233","109.279","108.233","4,71M","0,64%"
"29.11.2019","108.233","108.290","108.708","107.759","4,19M","-0,05%"
"28.11.2019","108.290","107.708","108.333","107.148","3,67M","0,54%"
"27.11.2019","107.708","107.059","107.991","106.312","4,42M","0,61%"
"26.11.2019","107.059","108.424","108.424","106.414","6,90M","-1,26%"
"25.11.2019","108.424","108.692","108.915","108.080","4,51M","-0,25%"
"22.11.2019","108.692","107.497","108.692","107.157","4,80M","1,11%"
"21.11.2019","107.497","105.866","107.497","105.864","5,82M","1,54%"
"19.11.2019","105.864","106.269","106.950","105.367","3,61M","-0,38%"
"18.11.2019","106.269","106.566","107.519","106.246","4,92M","-0,27%"
"14.11.2019","106.557","106.052","106.758","105.820","5,36M","0,47%"
"13.11.2019","106.060","106.751","106.786","105.261","5,34M","-0,65%"
"12.11.2019","106.751","108.368","108.368","106.232","5,22M","-1,49%"
"11.11.2019","108.367","107.622","108.367","106.814","3,93M","0,69%"
"08.11.2019","107.629","109.572","109.572","107.127","5,42M","-1,78%"
"07.11.2019","109.581","108.360","109.672","108.360","6,08M","1,13%"
"06.11.2019","108.360","108.719","109.633","107.446","5,51M","-0,33%"
"05.11.2019","108.719","108.779","109.343","108.253","5,66M","-0,06%"
"04.11.2019","108.779","108.196","109.352","108.196","5,18M","0,54%"
"01.11.2019","108.196","107.221","108.496","107.220","5,47M","0,91%"
"31.10.2019","107.220","108.403","108.403","106.356","5,38M","-1,10%"
"30.10.2019","108.408","107.557","108.408","106.622","5,45M","0,79%"
"29.10.2019","107.556","108.189","108.195","107.313","4,31M","-0,58%"
"28.10.2019","108.187","107.366","108.393","107.362","3,97M","0,77%"
"25.10.2019","107.364","106.990","108.083","106.990","5,40M","0,35%"
"24.10.2019","106.986","107.553","107.744","106.593","5,62M","-0,52%"
"23.10.2019","107.544","107.381","107.959","107.041","4,66M","0,15%"
"22.10.2019","107.381","106.023","107.421","105.927","5,22M","1,28%"
"21.10.2019","106.022","104.729","106.027","104.696","3,50M","1,23%"
"18.10.2019","104.729","105.012","105.464","104.525","4,48M","-0,27%"
"17.10.2019","105.016","105.389","105.891","104.827","4,19M","-0,39%"
"16.10.2019","105.423","104.486","105.462","103.521","4,51M","0,89%"
"15.10.2019","104.490","104.299","105.048","104.052","4,09M","0,18%"
"14.10.2019","104.302","103.834","104.305","103.438","2,99M","0,45%"
"11.10.2019","103.832","101.819","104.381","101.819","4,35M","1,98%"
"10.10.2019","101.817","101.244","102.483","101.152","4,37M","0,56%"
"09.10.2019","101.249","100.005","101.567","100.005","3,94M","1,27%"
"08.10.2019","99.981","100.565","101.296","99.868","4,34M","-0,59%"
"07.10.2019","100.573","102.546","102.546","100.542","3,94M","-1,93%"
"04.10.2019","102.551","101.516","102.580","101.057","4,65M","1,02%"
"03.10.2019","101.516","101.031","101.560","99.826","4,67M","0,48%"
"02.10.2019","101.031","104.049","104.049","100.944","5,07M","-2,90%"
"01.10.2019","104.053","104.745","105.121","103.837","4,10M","-0,66%"
"30.09.2019","104.745","105.077","105.178","104.638","3,90M","-0,32%"
"27.09.2019","105.078","105.319","105.633","104.506","3,47M","-0,23%"
"26.09.2019","105.319","104.485","105.342","104.337","4,14M","0,80%"
"25.09.2019","104.481","103.857","104.481","103.034","4,12M","0,58%"
"24.09.2019","103.876","104.638","104.893","103.504","3,97M","-0,73%"
"23.09.2019","104.638","104.817","104.817","104.020","6,77M","-0,17%"
"20.09.2019","104.817","104.339","105.045","103.914","6,77M","0,46%"
"19.09.2019","104.339","104.555","106.001","104.286","4,92M","-0,18%"
"18.09.2019","104.532","104.616","104.762","103.684","3,88M","-0,08%"
"17.09.2019","104.617","103.680","104.619","103.079","4,57M","0,90%"
"16.09.2019","103.680","103.496","104.005","102.782","6,04M","0,17%"
"13.09.2019","103.501","104.371","104.699","103.275","4,04M","-0,83%"
"12.09.2019","104.371","103.453","104.618","103.453","4,96M","0,89%"
"11.09.2019","103.446","103.036","104.156","103.036","4,88M","0,40%"
"10.09.2019","103.032","103.180","103.503","102.231","5,48M","-0,14%"
"09.09.2019","103.181","102.937","104.260","102.793","5,52M","0,24%"
"06.09.2019","102.935","102.247","103.182","102.246","3,98M","0,68%"
"05.09.2019","102.243","101.204","103.258","101.204","4,81M","1,03%"
"04.09.2019","101.201","99.706","101.201","99.706","4,31M","1,52%"
"03.09.2019","99.681","100.626","101.417","99.406","4,33M","-0,94%"
"02.09.2019","100.626","101.133","101.611","100.626","2,69M","-0,50%"
"30.08.2019","101.135","100.526","101.551","100.526","6,11M","0,61%"
"29.08.2019","100.524","98.194","100.684","98.194","5,16M","2,37%"
"28.08.2019","98.194","97.273","98.346","96.557","4,35M","0,94%"
"27.08.2019","97.276","96.434","97.951","95.855","6,58M","0,88%"
"26.08.2019","96.430","97.687","98.436","95.961","4,14M","-1,27%"
"23.08.2019","97.667","100.007","100.025","97.085","5,67M","-2,34%"
"22.08.2019","100.011","101.209","101.469","100.011","4,50M","-1,18%"
"21.08.2019","101.202","99.227","101.240","99.221","5,97M","2,00%"
"20.08.2019","99.222","99.472","99.665","98.002","5,24M","-0,25%"
"19.08.2019","99.469","99.810","100.948","98.908","4,92M","-0,34%"
"16.08.2019","99.806","99.059","100.567","99.059","5,48M","0,76%"
"15.08.2019","99.057","100.262","101.014","98.200","6,59M","-1,20%"
"14.08.2019","100.258","103.270","103.270","99.955","6,49M","-2,94%"
"13.08.2019","103.299","101.912","103.778","101.414","5,20M","1,36%"
"12.08.2019","101.915","103.946","103.946","101.621","4,51M","-2,00%"
"09.08.2019","103.996","104.102","104.848","103.547","4,69M","-0,11%"
"08.08.2019","104.115","102.782","104.282","102.782","5,71M","1,30%"
"07.08.2019","102.782","102.163","102.784","100.476","5,74M","0,61%"
"06.08.2019","102.164","100.098","102.178","100.098","5,23M","2,06%"
"05.08.2019","100.098","102.658","102.658","99.630","5,16M","-2,51%"
"02.08.2019","102.674","102.122","103.180","101.667","5,08M","0,54%"
"01.08.2019","102.126","101.819","104.056","101.819","7,35M","0,31%"
"31.07.2019","101.812","102.946","103.129","100.950","5,23M","-1,09%"
"30.07.2019","102.933","103.483","103.555","102.596","4,19M","-0,53%"
"29.07.2019","103.483","102.817","103.483","102.461","3,67M","0,65%"
"26.07.2019","102.819","102.654","103.209","102.196","5,30M","0,16%"
"25.07.2019","102.655","104.119","104.440","102.390","5,98M","-1,41%"
"24.07.2019","104.120","103.707","104.570","103.707","5,02M","0,40%"
"23.07.2019","103.704","103.949","104.430","103.518","4,18M","-0,24%"
"22.07.2019","103.949","103.452","104.278","103.452","3,57M","0,48%"
"19.07.2019","103.452","104.716","104.723","103.388","3,59M","-1,21%"
"18.07.2019","104.717","103.859","104.773","103.859","4,55M","0,83%"
"17.07.2019","103.856","103.775","104.453","103.712","3,94M","0,08%"
"16.07.2019","103.775","103.805","104.440","103.361","4,61M","-0,03%"
"15.07.2019","103.803","103.909","104.578","103.495","4,12M","-0,10%"
"12.07.2019","103.906","105.158","105.731","103.903","4,89M","-1,18%"
"11.07.2019","105.146","105.818","105.886","104.814","5,00M","-0,63%"
"10.07.2019","105.817","104.537","106.650","104.537","7,03M","1,23%"
"08.07.2019","104.530","104.090","104.679","103.988","3,61M","0,42%"
"05.07.2019","104.089","103.628","104.176","102.622","4,34M","0,44%"
"04.07.2019","103.636","102.047","104.022","102.047","4,10M","1,56%"
"03.07.2019","102.043","100.576","102.177","100.451","4,95M","1,43%"
"02.07.2019","100.605","101.342","101.565","100.073","5,10M","-0,72%"
"01.07.2019","101.340","100.973","102.432","100.973","424,32K","0,37%"
"28.06.2019","100.967","100.726","101.563","100.726","4,21M","0,24%"
"27.06.2019","100.724","100.689","101.025","99.421","4,28M","0,04%"
"26.06.2019","100.689","100.095","101.126","100.095","5,17M","0,60%"
"25.06.2019","100.093","102.061","102.061","99.890","4,61M","-1,93%"
"24.06.2019","102.062","102.018","102.617","101.589","3,67M","0,05%"
"21.06.2019","102.013","100.305","102.100","100.305","5,66M","1,70%"
"19.06.2019","100.303","99.403","100.327","98.978","4,55M","0,90%"
"18.06.2019","99.404","97.633","99.412","97.633","4,66M","1,82%"
"17.06.2019","97.623","98.038","98.439","97.623","4,05M","-0,43%"
"14.06.2019","98.040","98.776","98.981","97.601","9,47M","-0,74%"
"13.06.2019","98.774","98.321","99.364","98.321","5,77M","0,46%"
"12.06.2019","98.321","98.960","99.240","97.831","5,10M","-0,65%"
"11.06.2019","98.960","97.467","98.985","97.467","5,08M","1,53%"
"10.06.2019","97.467","97.828","97.856","96.782","3,69M","-0,36%"
"07.06.2019","97.821","97.205","98.326","97.205","3,83M","0,63%"
"06.06.2019","97.205","96.002","97.462","96.002","4,18M","1,26%"
"05.06.2019","95.999","97.381","97.686","95.686","3,89M","-1,42%"
"04.06.2019","97.380","97.020","97.723","96.593","4,43M","0,37%"
"03.06.2019","97.020","97.036","97.757","96.430","4,69M","-0,01%"
"31.05.2019","97.030","97.420","97.992","96.792","5,25M","-0,44%"
"30.05.2019","97.457","96.566","97.939","96.511","4,53M","0,92%"
"29.05.2019","96.567","96.389","96.986","95.690","4,70M","0,18%"
"28.05.2019","96.393","94.863","96.552","94.707","6,58M","1,61%"
"27.05.2019","94.864","93.626","95.444","93.626","2,62M","1,32%"
"24.05.2019","93.628","93.912","94.900","93.545","3,59M","-0,30%"
"23.05.2019","93.910","94.360","94.547","93.300","3,90M","-0,48%"
"22.05.2019","94.361","94.485","95.212","93.883","4,36M","-0,13%"
"21.05.2019","94.485","91.946","94.573","91.946","5,56M","2,76%"
"20.05.2019","91.946","90.006","92.117","89.822","4,76M","2,17%"
"17.05.2019","89.993","90.023","91.321","89.409","5,51M","-0,04%"
"16.05.2019","90.024","91.622","91.622","89.778","5,74M","-1,75%"
"15.05.2019","91.623","92.088","92.088","90.295","4,94M","-0,51%"
"14.05.2019","92.092","91.736","92.529","91.562","4,17M","0,40%"
"13.05.2019","91.727","94.252","94.252","91.600","4,81M","-2,69%"
"10.05.2019","94.258","94.809","94.848","93.234","4,22M","-0,58%"
"09.05.2019","94.808","95.597","95.597","93.883","4,28M","-0,83%"
"08.05.2019","95.597","94.389","96.312","94.389","5,07M","1,28%"
"07.05.2019","94.389","95.009","95.009","92.750","5,06M","-0,65%"
"06.05.2019","95.009","95.992","95.992","94.540","3,32M","-1,04%"
"03.05.2019","96.008","95.521","96.315","95.521","4,14M","0,50%"
"02.05.2019","95.528","96.339","96.339","95.312","3,98M","-0,86%"
"30.04.2019","96.353","96.191","96.707","95.613","4,36M","0,17%"
"29.04.2019","96.188","96.254","97.123","96.004","3,33M","-0,05%"
"26.04.2019","96.236","96.552","96.563","95.620","3,88M","-0,33%"
"25.04.2019","96.552","95.027","96.552","94.213","5,03M","1,59%"
"24.04.2019","95.045","95.923","95.923","94.163","4,80M","-0,92%"
"23.04.2019","95.923","94.590","96.315","94.590","4,44M","1,41%"
"22.04.2019","94.588","94.578","95.038","93.721","3,27M","0,01%"
"18.04.2019","94.578","93.285","95.140","93.285","5,09M","1,39%"
"17.04.2019","93.285","94.337","95.042","92.338","6,66M","-1,11%"
"16.04.2019","94.333","93.082","95.062","92.879","4,72M","1,34%"
"15.04.2019","93.083","92.875","93.723","92.697","4,77M","0,22%"
"12.04.2019","92.875","94.747","94.768","92.516","6,93M","-1,98%"
"11.04.2019","94.755","95.954","95.954","94.173","3,64M","-1,25%"
"10.04.2019","95.953","96.292","96.902","95.670","4,72M","-0,35%"
"09.04.2019","96.292","97.366","97.366","95.488","3,85M","-1,11%"
"08.04.2019","97.369","97.110","97.610","96.743","3,54M","0,27%"
"05.04.2019","97.108","96.319","97.493","96.152","3,80M","0,83%"
"04.04.2019","96.313","94.503","96.394","94.334","4,21M","1,93%"
"03.04.2019","94.491","95.392","96.442","94.124","4,44M","-0,94%"
"02.04.2019","95.387","96.062","96.690","94.825","3,83M","-0,70%"
"01.04.2019","96.054","95.423","96.752","95.423","3,87M","0,67%"
"29.03.2019","95.415","94.402","95.863","94.402","4,82M","1,09%"
"28.03.2019","94.389","91.901","94.854","91.584","5,35M","2,70%"
"27.03.2019","91.903","95.297","95.297","91.903","5,90M","-3,57%"
"26.03.2019","95.307","93.668","95.525","93.668","4,80M","1,76%"
"25.03.2019","93.662","93.735","94.384","93.103","4,65M","-0,08%"
"22.03.2019","93.735","96.725","96.725","93.380","6,19M","-3,10%"
"21.03.2019","96.729","98.041","98.046","95.456","5,49M","-1,34%"
"20.03.2019","98.041","99.588","99.708","97.981","4,78M","-1,55%"
"19.03.2019","99.588","99.991","100.439","99.373","5,39M","-0,41%"
"18.03.2019","99.994","99.141","100.038","99.141","4,33M","0,86%"
"15.03.2019","99.137","98.605","99.393","98.597","5,30M","0,54%"
"14.03.2019","98.605","98.905","99.036","97.776","3,70M","-0,30%"
"13.03.2019","98.904","97.831","99.267","97.464","4,96M","1,10%"
"12.03.2019","97.828","98.038","98.150","97.267","3,95M","-0,20%"
"11.03.2019","98.027","95.384","98.027","95.384","4,38M","2,79%"
"08.03.2019","95.365","94.340","95.476","93.305","4,18M","1,09%"
"07.03.2019","94.340","94.216","94.532","93.729","4,23M","0,13%"
"06.03.2019","94.217","94.604","94.889","93.945","2,80M","-0,41%"
"01.03.2019","94.604","95.584","96.113","94.394","4,18M","-1,03%"
"28.02.2019","95.584","97.307","97.528","95.364","5,53M","-1,77%"
"27.02.2019","97.307","97.603","97.782","96.886","3,99M","-0,30%"
"26.02.2019","97.603","97.242","97.904","97.235","3,66M","0,37%"
"25.02.2019","97.240","97.881","98.190","97.087","4,49M","-0,66%"
"22.02.2019","97.886","96.929","97.887","96.929","4,56M","0,98%"
"21.02.2019","96.932","96.546","97.231","95.793","5,99M","0,40%"
"20.02.2019","96.545","97.661","98.544","96.545","6,09M","-1,14%"
"19.02.2019","97.659","96.513","98.185","96.513","4,98M","1,19%"
"18.02.2019","96.510","97.527","97.527","96.239","2,92M","-1,04%"
"15.02.2019","97.526","98.015","98.238","97.083","4,73M","-0,50%"
"14.02.2019","98.015","95.843","98.019","94.915","5,38M","2,27%"
"13.02.2019","95.842","96.169","96.804","95.389","5,99M","-0,34%"
"12.02.2019","96.168","94.420","96.571","94.420","5,07M","1,86%"
"11.02.2019","94.413","95.351","95.499","93.737","3,88M","-0,98%"
"08.02.2019","95.343","94.401","95.486","93.424","5,47M","0,99%"
"07.02.2019","94.406","94.654","95.642","93.507","5,79M","-0,24%"
"06.02.2019","94.636","98.308","98.308","94.636","5,63M","-3,74%"
"05.02.2019","98.311","98.587","98.587","97.596","4,92M","-0,28%"
"04.02.2019","98.589","97.861","98.589","96.901","4,41M","0,74%"
"01.02.2019","97.861","97.395","98.044","96.990","4,43M","0,48%"
"31.01.2019","97.394","96.996","98.405","96.996","6,16M","0,41%"
"30.01.2019","96.996","95.643","97.107","95.643","6,36M","1,42%"
"29.01.2019","95.639","95.508","96.751","95.508","5,42M","0,20%"
"28.01.2019","95.444","97.674","97.937","94.783","7,41M","-2,29%"
"24.01.2019","97.677","96.558","97.677","96.558","5,17M","1,16%"
"23.01.2019","96.558","95.116","96.576","95.116","5,20M","1,53%"
"22.01.2019","95.103","96.008","96.070","94.662","4,39M","-0,94%"
"21.01.2019","96.010","96.093","96.093","94.863","2,80M","-0,09%"
"18.01.2019","96.097","95.386","96.396","95.386","5,04M","0,78%"
"17.01.2019","95.351","94.393","95.682","93.950","5,10M","1,01%"
"16.01.2019","94.393","94.057","94.393","93.687","4,39M","0,36%"
"15.01.2019","94.056","94.474","94.695","93.402","5,01M","-0,44%"
"14.01.2019","94.474","93.645","94.474","93.335","4,63M","0,87%"
"11.01.2019","93.658","93.806","93.961","93.359","5,50M","-0,16%"
"10.01.2019","93.806","93.599","93.987","93.050","4,99M","0,21%"
"09.01.2019","93.613","92.033","93.626","92.028","5,17M","1,72%"
"08.01.2019","92.032","91.699","92.231","91.064","4,64M","0,36%"
"07.01.2019","91.699","91.845","92.552","91.288","4,71M","-0,15%"
"04.01.2019","91.841","91.577","92.701","90.824","5,49M","0,30%"
"03.01.2019","91.564","91.011","91.596","89.922","6,25M","0,61%"
"02.01.2019","91.012","87.887","91.479","87.536","5,79M","3,56%"
"28.12.2018","87.887","85.469","88.044","85.469","3,76M","2,84%"
"27.12.2018","85.460","85.141","85.739","84.876","3,94M","0,38%"
"26.12.2018","85.136","85.684","85.684","83.892","3,46M","-0,65%"
"21.12.2018","85.697","85.269","86.554","85.134","6,26M","0,50%"
"20.12.2018","85.269","85.678","86.584","84.756","6,29M","-0,47%"
"19.12.2018","85.674","86.617","88.101","85.674","5,84M","-1,08%"
"18.12.2018","86.610","86.400","87.274","86.400","4,22M","0,24%"
"17.12.2018","86.400","87.448","87.820","86.328","3,97M","-1,20%"
"14.12.2018","87.450","87.838","88.184","87.106","3,66M","-0,44%"
"13.12.2018","87.838","86.979","87.842","86.856","3,77M","0,99%"
"12.12.2018","86.977","86.420","87.946","86.420","5,16M","0,65%"
"11.12.2018","86.420","85.918","87.520","85.583","4,53M","0,59%"
"10.12.2018","85.915","88.115","88.384","85.915","4,21M","-2,50%"
"07.12.2018","88.115","88.849","89.986","87.907","4,62M","-0,82%"
"06.12.2018","88.846","88.933","88.933","87.025","4,51M","-0,22%"
"05.12.2018","89.040","88.644","89.111","88.449","2,88M","0,47%"
"04.12.2018","88.624","89.820","90.452","88.041","5,03M","-1,33%"
"03.12.2018","89.820","89.511","91.242","89.429","6,12M","0,35%"
"30.11.2018","89.504","89.709","90.246","89.258","6,95M","-0,23%"
"29.11.2018","89.710","89.249","89.910","88.475","4,39M","0,51%"
"28.11.2018","89.251","87.891","89.483","87.153","5,46M","1,55%"
"27.11.2018","87.891","85.547","88.018","85.377","5,12M","2,74%"
"26.11.2018","85.547","86.237","87.147","84.905","4,70M","-0,79%"
"23.11.2018","86.230","87.479","87.479","85.763","4,28M","-1,43%"
"22.11.2018","87.477","87.269","87.656","87.222","2,31M","0,24%"
"21.11.2018","87.269","87.896","87.896","86.254","4,27M","-0,72%"
"19.11.2018","87.901","88.472","88.484","87.047","3,75M","-0,69%"
"16.11.2018","88.515","85.975","88.516","85.975","5,34M","2,96%"
"14.11.2018","85.973","84.898","85.973","84.267","5,76M","1,25%"
"13.11.2018","84.914","85.531","85.941","84.071","4,55M","-0,71%"
"12.11.2018","85.525","85.644","86.227","85.009","3,64M","-0,14%"
"09.11.2018","85.641","85.620","86.233","84.030","4,96M","0,02%"
"08.11.2018","85.620","87.719","88.570","85.620","5,46M","-2,39%"
"07.11.2018","87.714","88.676","89.565","87.541","4,51M","-1,08%"
"06.11.2018","88.669","89.587","89.587","88.066","4,50M","-1,04%"
"05.11.2018","89.598","88.418","89.598","88.347","4,76M","1,33%"
"01.11.2018","88.419","87.428","89.017","87.094","6,06M","1,14%"
"31.10.2018","87.424","86.889","88.028","86.213","6,07M","0,62%"
"30.10.2018","86.886","83.802","86.990","83.802","6,76M","3,69%"
"29.10.2018","83.797","85.728","88.377","82.783","7,97M","-2,24%"
"26.10.2018","85.720","84.084","85.720","83.497","6,67M","1,95%"
"25.10.2018","84.084","83.124","84.831","83.124","5,53M","1,23%"
"24.10.2018","83.064","85.302","85.786","83.035","4,82M","-2,62%"
"23.10.2018","85.300","85.595","85.595","84.032","4,52M","-0,35%"
"22.10.2018","85.597","84.222","85.772","84.222","3,99M","1,63%"
"19.10.2018","84.220","83.845","84.954","83.667","3,87M","0,44%"
"18.10.2018","83.847","85.760","85.760","83.846","4,21M","-2,24%"
"17.10.2018","85.764","85.714","86.167","84.944","5,01M","0,05%"
"16.10.2018","85.718","83.420","85.718","83.420","4,96M","2,83%"
"15.10.2018","83.360","82.922","84.278","82.922","4,93M","0,53%"
"11.10.2018","82.921","83.700","84.749","82.607","5,35M","-0,91%"
"10.10.2018","83.679","86.084","86.085","83.679","5,38M","-2,80%"
"09.10.2018","86.088","86.053","86.573","85.433","6,66M","0,00%"
"08.10.2018","86.084","82.324","87.333","82.324","10,31M","4,57%"
"05.10.2018","82.322","82.972","83.805","82.030","5,56M","-0,76%"
"04.10.2018","82.953","83.275","83.430","81.892","5,09M","-0,38%"
"03.10.2018","83.273","81.624","85.442","81.623","7,85M","2,04%"
"02.10.2018","81.612","78.625","81.778","78.625","6,13M","3,80%"
"01.10.2018","78.624","79.350","79.557","78.091","3,23M","-0,91%"
"28.09.2018","79.342","80.000","80.000","78.967","4,19M","-0,82%"
"27.09.2018","80.000","78.676","80.107","78.676","4,61M","1,71%"
"26.09.2018","78.656","78.634","79.461","78.530","3,85M","0,03%"
"25.09.2018","78.630","77.980","78.688","77.005","3,81M","0,83%"
"24.09.2018","77.984","79.447","79.447","77.857","2,91M","-1,84%"
"21.09.2018","79.444","78.116","80.002","78.116","4,81M","1,70%"
"20.09.2018","78.116","78.169","78.944","77.820","3,23M","-0,07%"
"19.09.2018","78.169","78.268","79.021","77.624","3,90M","-0,19%"
"18.09.2018","78.314","76.781","78.454","76.677","4,30M","1,99%"
"17.09.2018","76.789","75.428","76.893","75.227","3,50M","1,80%"
"14.09.2018","75.429","74.687","75.705","74.445","3,33M","0,99%"
"13.09.2018","74.687","75.126","75.407","74.501","3,16M","-0,58%"
"12.09.2018","75.125","74.680","75.680","74.499","3,82M","0,63%"
"11.09.2018","74.657","76.437","76.437","74.275","3,51M","-2,33%"
"10.09.2018","76.436","76.416","77.293","76.115","3,20M","0,03%"
"06.09.2018","76.416","75.098","76.533","74.986","3,40M","1,76%"
"05.09.2018","75.092","74.712","75.370","74.276","2,92M","0,51%"
"04.09.2018","74.712","76.192","76.192","74.605","3,26M","-1,94%"
"03.09.2018","76.193","76.675","76.675","75.729","1,73M","-0,63%"
"31.08.2018","76.678","76.386","77.202","76.026","4,27M","0,36%"
"30.08.2018","76.404","78.389","78.389","76.372","1,73M","-2,53%"
"29.08.2018","78.389","77.472","78.783","77.399","3,22M","1,18%"
"28.08.2018","77.473","77.928","78.038","77.149","3,06M","-0,59%"
"27.08.2018","77.930","76.264","78.008","76.264","2,84M","2,19%"
"24.08.2018","76.262","75.647","76.629","75.647","3,26M","0,83%"
"23.08.2018","75.634","76.898","77.232","75.466","3,99M","-1,65%"
"22.08.2018","76.902","75.171","76.904","74.876","3,72M","2,29%"
"21.08.2018","75.180","76.327","76.340","74.915","4,20M","-1,50%"
"20.08.2018","76.328","76.029","76.497","75.608","3,69M","0,39%"
"17.08.2018","76.029","76.817","76.817","75.633","3,86M","-1,03%"
"16.08.2018","76.819","77.085","77.704","76.381","3,39M","-0,34%"
"15.08.2018","77.078","78.614","78.618","76.829","4,52M","-1,94%"
"14.08.2018","78.602","77.499","78.742","77.499","3,83M","1,43%"
"13.08.2018","77.496","76.513","77.689","75.931","4,08M","1,28%"
"10.08.2018","76.514","78.766","78.766","76.043","4,83M","-2,86%"
"09.08.2018","78.768","79.171","79.461","78.156","3,83M","-0,48%"
"08.08.2018","79.152","80.347","80.912","78.966","3,95M","-1,49%"
"07.08.2018","80.347","81.093","81.742","79.923","3,98M","-0,87%"
"06.08.2018","81.051","81.445","81.765","80.965","2,59M","-0,47%"
"03.08.2018","81.435","79.656","81.792","79.656","3,92M","2,26%"
"02.08.2018","79.637","79.237","79.896","78.573","3,10M","0,42%"
"01.08.2018","79.302","79.213","79.731","78.769","3,33M","0,10%"
"31.07.2018","79.220","80.279","80.279","79.016","3,46M","-1,31%"
"30.07.2018","80.276","79.866","80.492","79.699","2,71M","0,51%"
"27.07.2018","79.866","79.405","80.251","79.405","3,11M","0,58%"
"26.07.2018","79.405","80.242","80.589","79.081","3,71M","-1,01%"
"25.07.2018","80.218","79.154","80.437","79.154","3,58M","1,34%"
"24.07.2018","79.155","78.005","79.497","78.005","3,38M","1,49%"
"23.07.2018","77.996","78.571","78.639","77.871","2,52M","-0,73%"
"20.07.2018","78.571","77.500","79.489","77.500","4,89M","1,40%"
"19.07.2018","77.487","77.360","77.487","75.890","3,90M","0,16%"
"18.07.2018","77.363","78.124","78.496","77.164","3,50M","-0,98%"
"17.07.2018","78.130","76.653","78.522","76.482","4,00M","1,93%"
"16.07.2018","76.653","76.587","76.924","76.129","3,23M","0,08%"
"13.07.2018","76.594","75.856","76.682","75.554","3,42M","0,97%"
"12.07.2018","75.856","74.403","75.898","74.403","3,62M","1,96%"
"11.07.2018","74.399","74.862","75.025","74.196","3,88M","-0,62%"
"10.07.2018","74.862","75.015","75.895","74.431","4,02M","-0,20%"
"06.07.2018","75.010","74.558","75.065","74.048","2,73M","0,61%"
"05.07.2018","74.553","74.751","75.127","73.756","3,67M","-0,25%"
"04.07.2018","74.743","73.667","74.904","73.450","2,21M","1,46%"
"03.07.2018","73.668","72.848","74.515","72.848","3,35M","1,14%"
"02.07.2018","72.840","72.763","72.840","71.935","2,84M","0,11%"
"29.06.2018","72.763","71.779","73.020","71.779","4,00M","1,39%"
"28.06.2018","71.767","70.609","72.092","70.439","3,62M","1,64%"
"27.06.2018","70.609","71.405","72.032","70.134","3,70M","-1,11%"
"26.06.2018","71.405","70.968","71.622","70.203","3,61M","0,64%"
"25.06.2018","70.953","70.642","71.323","69.779","3,45M","0,44%"
"22.06.2018","70.641","70.077","71.058","69.907","3,15M","0,81%"
"21.06.2018","70.075","72.117","72.207","70.019","3,60M","-2,84%"
"20.06.2018","72.123","71.397","72.617","71.155","4,55M","1,02%"
"19.06.2018","71.394","69.811","72.010","69.069","5,35M","2,26%"
"18.06.2018","69.815","70.757","70.757","69.360","3,58M","-1,33%"
"15.06.2018","70.758","71.421","71.421","69.583","6,66M","-0,93%"
"14.06.2018","71.421","72.151","72.708","71.344","4,41M","-0,97%"
"13.06.2018","72.122","72.757","72.977","71.035","4,50M","-0,87%"
"12.06.2018","72.754","72.308","73.322","72.124","4,01M","0,62%"
"11.06.2018","72.308","72.943","73.716","71.843","3,67M","-0,87%"
"08.06.2018","72.942","73.848","74.031","71.679","6,14M","-1,23%"
"07.06.2018","73.851","76.117","76.117","71.162","8,17M","-2,98%"
"06.06.2018","76.117","76.641","76.967","75.518","5,02M","-0,68%"
"05.06.2018","76.642","78.595","78.892","76.412","4,64M","-2,49%"
"04.06.2018","78.596","77.244","78.637","77.244","4,15M","1,76%"
"01.06.2018","77.240","76.779","78.169","75.524","6,23M","0,63%"
"30.05.2018","76.754","76.058","77.097","75.515","7,67M","0,90%"
"29.05.2018","76.072","75.361","77.214","75.361","6,16M","0,95%"
"28.05.2018","75.356","78.886","78.886","75.337","4,31M","-4,49%"
"25.05.2018","78.898","80.123","80.629","78.622","4,81M","-1,53%"
"24.05.2018","80.122","80.860","80.860","79.027","6,37M","-0,92%"
"23.05.2018","80.867","82.742","82.742","80.867","4,00M","-2,26%"
"22.05.2018","82.739","81.817","83.396","81.613","4,93M","1,13%"
"21.05.2018","81.815","83.095","83.883","81.576","4,37M","-1,52%"
"18.05.2018","83.082","83.614","83.614","81.391","5,91M","-0,65%"
"17.05.2018","83.622","86.537","86.537","83.377","5,68M","-3,37%"
"16.05.2018","86.537","85.122","86.678","85.044","3,82M","1,65%"
"15.05.2018","85.130","85.225","85.231","83.830","4,54M","-0,12%"
"14.05.2018","85.232","85.222","86.105","84.688","4,21M","0,01%"
"11.05.2018","85.220","85.861","86.406","85.183","4,52M","-0,75%"
"10.05.2018","85.861","84.284","86.201","84.284","4,75M","1,89%"
"09.05.2018","84.265","82.977","84.447","82.855","4,84M","1,58%"
"08.05.2018","82.956","82.715","83.409","82.201","4,07M","0,29%"
"07.05.2018","82.714","83.122","83.643","82.602","2,93M","-0,49%"
"04.05.2018","83.118","83.286","83.671","82.746","3,58M","-0,20%"
"03.05.2018","83.288","84.547","84.562","83.178","4,10M","-1,49%"
"02.05.2018","84.547","86.111","86.111","84.383","3,84M","-1,82%"
"30.04.2018","86.116","86.443","86.739","85.979","2,25M","-0,38%"
"27.04.2018","86.445","86.383","87.179","86.262","3,14M","0,07%"
"26.04.2018","86.383","85.051","86.383","85.051","3,23M","1,57%"
"25.04.2018","85.044","85.466","85.466","84.349","3,32M","-0,50%"
"24.04.2018","85.469","85.603","86.578","85.106","2,93M","-0,16%"
"23.04.2018","85.603","85.520","85.746","84.711","2,50M","0,06%"
"20.04.2018","85.550","85.823","85.823","85.025","3,08M","-0,32%"
"19.04.2018","85.824","85.775","86.059","85.197","3,63M","0,06%"
"18.04.2018","85.776","84.090","86.149","84.090","4,33M","2,01%"
"17.04.2018","84.086","82.862","84.191","82.810","2,71M","1,48%"
"16.04.2018","82.862","84.328","84.591","82.762","3,00M","-1,75%"
"13.04.2018","84.334","85.441","85.441","84.144","3,61M","-1,30%"
"12.04.2018","85.444","85.246","85.577","85.025","2,92M","0,23%"
"11.04.2018","85.246","84.494","85.417","84.340","3,47M","0,87%"
"10.04.2018","84.510","83.312","84.538","83.312","3,63M","1,44%"
"09.04.2018","83.307","84.832","85.110","83.155","3,27M","-1,78%"
"06.04.2018","84.820","85.210","85.210","83.833","3,16M","-0,46%"
"05.04.2018","85.210","84.374","86.148","84.374","4,39M","1,01%"
"04.04.2018","84.360","84.610","84.610","82.826","3,04M","-0,31%"
"03.04.2018","84.623","84.669","85.411","84.210","2,66M","-0,05%"
"02.04.2018","84.666","85.365","85.675","84.166","2,68M","-0,82%"
"29.03.2018","85.366","83.874","85.708","83.874","3,25M","1,78%"
"28.03.2018","83.874","83.806","83.889","82.889","3,00M","0,08%"
"27.03.2018","83.808","85.103","85.296","83.542","3,04M","-1,50%"
"26.03.2018","85.088","84.377","85.553","84.357","2,43M","0,84%"
"23.03.2018","84.377","84.766","85.450","84.042","3,28M","-0,46%"
"22.03.2018","84.768","84.984","85.499","84.197","3,34M","-0,25%"
"21.03.2018","84.977","84.166","85.145","84.080","3,36M","0,97%"
"20.03.2018","84.164","83.919","84.412","83.682","2,76M","0,30%"
"19.03.2018","83.913","84.886","84.886","83.678","3,43M","-1,15%"
"16.03.2018","84.886","84.928","85.495","84.525","5,61M","-0,05%"
"15.03.2018","84.928","86.051","86.051","84.720","3,96M","-1,30%"
"14.03.2018","86.051","86.383","86.970","85.691","2,64M","-0,39%"
"13.03.2018","86.384","86.902","87.333","86.119","2,82M","-0,59%"
"12.03.2018","86.900","86.386","87.046","86.386","2,68M","0,61%"
"09.03.2018","86.371","84.987","86.389","84.749","3,59M","1,63%"
"08.03.2018","84.985","85.510","85.830","84.491","3,81M","-0,58%"
"07.03.2018","85.484","85.653","85.653","84.397","3,56M","-0,20%"
"06.03.2018","85.653","86.023","86.931","85.653","3,72M","-0,43%"
"05.03.2018","86.023","85.761","86.165","85.053","3,53M","0,30%"
"02.03.2018","85.761","85.378","85.761","83.897","4,00M","0,45%"
"01.03.2018","85.378","85.337","86.260","84.640","4,48M","0,03%"
"28.02.2018","85.354","86.939","87.109","85.199","6,13M","-1,82%"
"27.02.2018","86.935","87.649","87.839","86.613","3,64M","-0,82%"
"26.02.2018","87.653","87.296","88.318","87.242","4,17M","0,41%"
"23.02.2018","87.293","86.690","87.345","86.138","4,31M","0,70%"
"22.02.2018","86.686","86.050","87.159","86.050","3,65M","0,74%"
"21.02.2018","86.052","85.804","87.358","85.804","4,96M","0,29%"
"20.02.2018","85.804","84.792","86.290","84.261","4,20M","1,19%"
"19.02.2018","84.793","84.525","84.956","84.525","2,15M","0,32%"
"16.02.2018","84.525","84.291","84.575","83.824","3,58M","0,28%"
"15.02.2018","84.291","83.551","84.686","83.551","3,60M","0,90%"
"14.02.2018","83.543","80.901","83.782","80.901","4,03M","3,27%"
"09.02.2018","80.899","81.532","81.897","79.690","4,42M","-0,78%"
"08.02.2018","81.533","82.773","83.501","81.109","4,14M","-1,49%"
"07.02.2018","82.767","83.894","84.410","82.548","4,01M","-1,34%"
"06.02.2018","83.894","81.857","84.162","80.804","5,77M","2,48%"
"05.02.2018","81.861","84.040","84.311","81.861","3,35M","-2,59%"
"02.02.2018","84.041","85.495","85.495","83.831","3,48M","-1,70%"
"01.02.2018","85.495","84.913","86.028","84.833","4,21M","0,69%"
"31.01.2018","84.913","84.485","86.213","84.484","4,36M","0,51%"
"30.01.2018","84.482","84.697","84.697","83.804","3,68M","-0,25%"
"29.01.2018","84.698","85.531","85.531","84.341","4,01M","-0,97%"
"26.01.2018","85.531","83.680","85.531","83.680","5,58M","2,21%"
"24.01.2018","83.680","80.679","83.680","80.679","5,67M","3,72%"
"23.01.2018","80.678","81.676","81.676","80.524","3,83M","-1,22%"
"22.01.2018","81.675","81.220","81.675","80.923","2,78M","0,56%"
"19.01.2018","81.220","80.965","81.429","80.854","3,22M","0,32%"
"18.01.2018","80.963","81.185","81.367","80.498","3,54M","-0,28%"
"17.01.2018","81.189","79.832","81.189","79.828","3,44M","1,70%"
"16.01.2018","79.832","79.751","80.246","79.668","3,07M","0,10%"
"15.01.2018","79.752","79.349","79.847","79.349","2,00M","0,51%"
"12.01.2018","79.349","79.365","79.440","78.861","3,69M","-0,02%"
"11.01.2018","79.365","78.201","79.365","78.201","3,51M","1,49%"
"10.01.2018","78.201","78.864","78.864","78.164","2,85M","-0,84%"
"09.01.2018","78.864","79.379","79.415","78.699","3,57M","-0,65%"
"08.01.2018","79.379","79.070","79.395","78.631","2,63M","0,39%"
"05.01.2018","79.071","78.644","79.071","78.218","2,83M","0,54%"
"04.01.2018","78.647","77.998","79.135","77.998","3,59M","0,84%"
"03.01.2018","77.995","77.889","78.414","77.602","3,24M","0,13%"
"02.01.2018","77.891","76.403","77.909","76.403","2,97M","1,95%"
"28.12.2017","76.402","76.077","76.437","76.077","2,15M","0,43%"
"27.12.2017","76.073","75.708","76.293","75.708","1,85M","0,48%"
"26.12.2017","75.708","75.187","75.837","74.924","1,63M","0,69%"
"22.12.2017","75.187","75.128","75.227","74.623","1,97M","0,07%"
"21.12.2017","75.133","73.367","75.133","73.265","3,15M","2,41%"
"20.12.2017","73.367","72.680","73.492","72.680","2,29M","0,94%"
"19.12.2017","72.680","73.122","73.139","72.347","2,42M","-0,60%"
"18.12.2017","73.115","72.621","73.519","72.621","3,30M","0,70%"
"15.12.2017","72.608","72.428","73.069","72.277","4,80M","0,25%"
"14.12.2017","72.429","72.913","72.913","71.969","3,60M","-0,67%"
"13.12.2017","72.914","73.827","74.622","72.569","4,63M","-1,22%"
"12.12.2017","73.814","72.800","73.814","71.798","3,05M","1,39%"
"11.12.2017","72.800","72.775","73.361","72.498","2,53M","0,09%"
"08.12.2017","72.732","72.489","73.425","72.489","3,18M","0,34%"
"07.12.2017","72.487","73.268","73.268","71.356","3,36M","-1,07%"
"06.12.2017","73.268","72.535","73.418","71.906","3,20M","1,00%"
"05.12.2017","72.546","73.090","74.166","72.319","3,00M","-0,74%"
"04.12.2017","73.090","72.266","73.749","72.266","3,13M","1,14%"
"01.12.2017","72.264","71.955","72.472","71.488","3,10M","0,41%"
"30.11.2017","71.971","72.700","72.700","71.215","5,51M","-1,00%"
"29.11.2017","72.700","74.146","74.515","72.700","3,75M","-1,94%"
"28.11.2017","74.140","74.060","74.989","74.056","3,12M","0,11%"
"27.11.2017","74.059","74.157","74.157","73.159","2,90M","-0,13%"
"24.11.2017","74.157","74.503","74.542","74.093","2,59M","-0,44%"
"23.11.2017","74.487","74.519","74.578","73.851","1,60M","-0,04%"
"22.11.2017","74.519","74.611","75.019","74.242","3,52M","-0,10%"
"21.11.2017","74.595","73.439","75.073","73.439","3,65M","1,58%"
"17.11.2017","73.437","72.512","73.632","72.390","2,83M","1,28%"
"16.11.2017","72.512","70.827","72.896","70.827","3,44M","2,38%"
"14.11.2017","70.827","72.442","72.838","70.825","4,49M","-2,27%"
"13.11.2017","72.475","72.167","72.735","71.776","2,87M","0,43%"
"10.11.2017","72.166","72.932","73.019","71.920","3,24M","-1,05%"
"09.11.2017","72.931","74.363","74.363","72.795","3,41M","-1,93%"
"08.11.2017","74.363","72.468","74.481","72.468","3,51M","2,69%"
"07.11.2017","72.415","74.306","74.306","72.386","5,04M","-2,55%"
"06.11.2017","74.311","73.911","74.445","73.830","3,40M","0,53%"
"03.11.2017","73.915","73.834","74.254","73.094","4,52M","0,12%"
"01.11.2017","73.824","74.310","75.199","73.823","3,78M","-0,65%"
"31.10.2017","74.308","74.798","75.142","74.145","3,66M","-0,66%"
"30.10.2017","74.800","75.973","75.973","74.305","3,93M","-1,55%"
"27.10.2017","75.976","75.898","76.617","75.601","3,54M","0,10%"
"26.10.2017","75.896","76.671","77.061","75.813","2,99M","-1,01%"
"25.10.2017","76.671","76.350","76.883","75.404","3,05M","0,42%"
"24.10.2017","76.350","75.426","76.420","75.426","3,14M","1,24%"
"23.10.2017","75.413","76.398","76.498","75.315","2,71M","-1,28%"
"20.10.2017","76.391","76.291","76.971","76.291","2,73M","0,14%"
"19.10.2017","76.283","76.591","76.591","75.366","2,59M","-0,40%"
"18.10.2017","76.591","76.211","76.730","76.012","3,25M","0,51%"
"17.10.2017","76.201","76.892","76.892","76.046","2,86M","-0,90%"
"16.10.2017","76.892","76.985","77.382","76.565","3,17M","-0,13%"
"13.10.2017","76.990","76.659","77.319","76.659","3,30M","0,43%"
"11.10.2017","76.660","76.910","76.985","76.323","3,90M","-0,31%"
"10.10.2017","76.897","75.745","76.996","75.745","3,60M","1,55%"
"09.10.2017","75.727","76.055","76.067","75.181","2,41M","-0,43%"
"06.10.2017","76.055","76.618","76.618","75.603","3,09M","-0,73%"
"05.10.2017","76.618","76.592","78.024","76.592","4,24M","0,03%"
"04.10.2017","76.591","76.763","77.004","76.422","3,22M","-0,22%"
"03.10.2017","76.763","74.363","76.763","74.363","3,93M","3,23%"
"02.10.2017","74.360","74.295","74.506","73.845","2,59M","0,09%"
"29.09.2017","74.294","73.571","74.518","73.571","3,22M","0,99%"
"28.09.2017","73.567","73.808","74.011","73.277","3,18M","-0,31%"
"27.09.2017","73.797","74.358","74.744","73.125","3,91M","-0,70%"
"26.09.2017","74.319","74.443","74.971","74.319","3,68M","-0,17%"
"25.09.2017","74.443","75.381","75.470","74.303","3,48M","-1,26%"
"22.09.2017","75.390","75.618","75.734","75.029","2,89M","-0,28%"
"21.09.2017","75.604","76.014","76.251","75.282","3,33M","-0,53%"
"20.09.2017","76.004","75.974","76.420","75.074","4,01M","0,04%"
"19.09.2017","75.974","75.990","76.071","75.300","3,12M","-0,02%"
"18.09.2017","75.990","75.758","76.404","75.621","3,54M","0,31%"
"15.09.2017","75.757","74.656","75.820","74.648","4,97M","1,47%"
"14.09.2017","74.657","74.787","74.949","74.397","3,31M","-0,18%"
"13.09.2017","74.788","74.543","75.146","74.196","3,33M","0,33%"
"12.09.2017","74.539","74.322","75.332","74.294","3,70M","0,30%"
"11.09.2017","74.319","73.096","74.636","73.096","3,38M","1,70%"
"08.09.2017","73.079","73.413","73.646","72.925","3,21M","-0,45%"
"06.09.2017","73.412","72.157","73.608","72.157","4,37M","1,75%"
"05.09.2017","72.151","72.134","73.180","71.827","4,36M","0,03%"
"04.09.2017","72.129","71.921","72.141","71.671","2,06M","0,29%"
"01.09.2017","71.923","70.848","72.217","70.846","4,01M","1,54%"
"31.08.2017","70.835","70.887","71.234","70.516","4,38M","-0,07%"
"30.08.2017","70.886","71.328","71.454","70.755","2,75M","-0,62%"
"29.08.2017","71.330","71.005","71.330","70.517","2,35M","0,44%"
"28.08.2017","71.017","71.074","71.390","70.909","2,26M","-0,08%"
"25.08.2017","71.074","71.138","71.506","70.801","2,49M","-0,08%"
"24.08.2017","71.133","70.482","71.238","70.482","3,21M","0,93%"
"23.08.2017","70.478","70.011","70.587","69.947","3,45M","0,67%"
"22.08.2017","70.011","68.645","70.278","68.645","4,03M","2,01%"
"21.08.2017","68.635","68.713","69.068","68.514","2,72M","-0,12%"
"18.08.2017","68.715","67.990","68.808","67.979","3,57M","1,09%"
"17.08.2017","67.977","68.596","68.596","67.866","2,74M","-0,90%"
"16.08.2017","68.594","68.356","68.950","68.304","3,87M","0,35%"
"15.08.2017","68.355","68.296","68.846","68.293","2,84M","0,10%"
"14.08.2017","68.285","67.364","68.642","67.226","2,91M","1,37%"
"11.08.2017","67.359","66.992","67.623","66.678","2,98M","0,55%"
"10.08.2017","66.992","67.671","67.671","66.650","2,91M","-1,00%"
"09.08.2017","67.671","67.894","67.894","67.290","2,56M","-0,34%"
"08.08.2017","67.899","67.936","68.500","67.671","3,24M","-0,06%"
"07.08.2017","67.940","66.898","68.043","66.887","3,09M","1,56%"
"04.08.2017","66.898","66.783","67.104","66.525","2,44M","0,18%"
"03.08.2017","66.777","67.136","67.256","66.705","2,81M","-0,53%"
"02.08.2017","67.136","66.504","67.277","66.305","3,83M","0,93%"
"01.08.2017","66.516","65.925","66.606","65.925","2,85M","0,90%"
"31.07.2017","65.920","65.503","66.048","65.503","2,65M","0,65%"
"28.07.2017","65.497","65.253","65.497","64.953","2,85M","0,34%"
"27.07.2017","65.277","65.013","65.678","65.013","2,56M","0,41%"
"26.07.2017","65.011","65.668","65.873","64.992","3,03M","-1,00%"
"25.07.2017","65.668","65.101","65.749","65.101","2,82M","0,87%"
"24.07.2017","65.100","64.695","65.104","64.678","1,97M","0,64%"
"21.07.2017","64.684","64.936","65.150","64.599","2,21M","-0,39%"
"20.07.2017","64.938","65.178","65.505","64.898","2,34M","-0,37%"
"19.07.2017","65.180","65.337","65.604","64.874","2,70M","-0,24%"
"18.07.2017","65.338","65.208","65.338","64.943","2,28M","0,19%"
"17.07.2017","65.212","65.431","65.478","65.119","2,33M","-0,34%"
"14.07.2017","65.436","65.178","65.624","65.178","2,80M","0,40%"
"13.07.2017","65.178","64.854","65.302","64.854","3,22M","0,53%"
"12.07.2017","64.836","63.840","64.938","63.827","4,24M","1,57%"
"11.07.2017","63.832","63.027","63.891","62.908","2,65M","1,28%"
"10.07.2017","63.025","62.322","63.135","62.322","2,29M","1,13%"
"07.07.2017","62.322","62.474","62.926","62.035","2,98M","-0,24%"
"06.07.2017","62.470","63.156","63.188","62.354","3,13M","-1,08%"
"05.07.2017","63.154","63.215","63.485","62.708","3,27M","-0,12%"
"04.07.2017","63.232","63.268","63.346","63.076","980,07K","-0,08%"
"03.07.2017","63.280","62.901","63.338","62.901","2,15M","0,60%"
"30.06.2017","62.900","62.238","63.038","62.238","2,77M","1,06%"
"29.06.2017","62.239","62.010","62.499","61.689","3,01M","0,36%"
"28.06.2017","62.018","61.684","62.057","61.433","2,80M","0,56%"
"27.06.2017","61.675","62.188","62.424","61.580","3,38M","-0,82%"
"26.06.2017","62.188","61.088","62.251","61.088","2,68M","1,80%"
"23.06.2017","61.087","61.272","61.400","60.992","2,92M","-0,30%"
"22.06.2017","61.272","60.762","61.354","60.758","3,16M","0,84%"
"21.06.2017","60.762","60.783","61.188","60.544","3,38M","-0,01%"
"20.06.2017","60.766","62.011","62.011","60.766","4,08M","-2,01%"
"19.06.2017","62.014","61.620","62.272","61.620","2,84M","0,63%"
"16.06.2017","61.626","61.911","61.921","61.269","5,25M","-0,48%"
"14.06.2017","61.923","61.831","62.475","61.508","4,46M","0,15%"
"13.06.2017","61.829","61.708","62.012","61.510","2,55M","0,21%"
"12.06.2017","61.700","62.219","62.286","61.279","3,12M","-0,82%"
"09.06.2017","62.211","62.755","63.066","62.095","3,20M","-0,87%"
"08.06.2017","62.756","63.171","63.171","62.376","2,79M","-0,66%"
"07.06.2017","63.171","62.955","63.637","62.912","2,98M","0,34%"
"06.06.2017","62.955","62.450","63.302","62.426","3,09M","0,81%"
"05.06.2017","62.450","62.503","62.800","62.010","2,50M","-0,10%"
"02.06.2017","62.511","62.289","62.773","62.161","2,96M","0,36%"
"01.06.2017","62.289","62.711","63.293","62.165","3,47M","-0,67%"
"31.05.2017","62.711","63.961","63.984","62.673","4,68M","-1,96%"
"30.05.2017","63.962","63.765","64.107","63.720","2,30M","0,32%"
"29.05.2017","63.761","64.055","64.055","63.531","1,70M","-0,51%"
"26.05.2017","64.085","63.228","64.170","63.228","3,97M","1,36%"
"25.05.2017","63.227","63.256","63.991","62.762","4,12M","-0,05%"
"24.05.2017","63.257","62.673","64.016","62.673","4,31M","0,95%"
"23.05.2017","62.662","61.670","62.775","61.670","4,90M","1,60%"
"22.05.2017","61.673","62.638","62.638","60.925","6,00M","-1,54%"
"19.05.2017","62.639","61.597","63.488","61.597","6,31M","1,69%"
"18.05.2017","61.597","67.536","67.536","60.315","11,39M","-8,80%"
"17.05.2017","67.540","68.674","68.674","67.163","3,42M","-1,67%"
"16.05.2017","68.685","68.473","68.792","68.124","3,79M","0,31%"
"15.05.2017","68.474","68.227","68.593","68.081","3,39M","0,37%"
"12.05.2017","68.222","67.536","68.429","67.536","3,94M","1,01%"
"11.05.2017","67.538","67.355","67.709","67.191","2,96M","0,28%"
"10.05.2017","67.350","66.284","67.528","66.284","3,27M","1,62%"
"09.05.2017","66.278","65.533","66.536","65.533","2,76M","1,15%"
"08.05.2017","65.526","65.705","66.015","65.295","2,34M","-0,28%"
"05.05.2017","65.710","64.869","65.768","64.863","2,85M","1,31%"
"04.05.2017","64.863","66.069","66.099","64.721","3,90M","-1,86%"
"03.05.2017","66.094","66.720","66.758","65.898","3,55M","-0,94%"
"02.05.2017","66.722","65.404","66.851","65.404","3,61M","2,02%"
"28.04.2017","65.403","64.679","65.403","64.592","3,07M","1,12%"
"27.04.2017","64.677","64.872","65.327","64.292","3,21M","-0,29%"
"26.04.2017","64.862","65.144","65.436","64.679","3,32M","-0,44%"
"25.04.2017","65.148","64.384","65.148","63.875","3,13M","1,18%"
"24.04.2017","64.389","63.761","64.754","63.761","3,29M","0,99%"
"20.04.2017","63.761","63.406","64.163","63.388","2,99M","0,56%"
"19.04.2017","63.407","64.165","64.572","63.219","3,16M","-1,17%"
"18.04.2017","64.159","64.336","64.591","63.717","3,24M","-0,27%"
"17.04.2017","64.335","62.828","64.424","62.828","3,25M","2,40%"
"13.04.2017","62.826","63.891","63.992","62.826","3,31M","-1,67%"
"12.04.2017","63.892","64.362","64.456","63.814","4,39M","-0,73%"
"11.04.2017","64.360","64.650","64.872","63.351","3,28M","-0,45%"
"10.04.2017","64.650","64.593","64.928","64.115","3,08M","0,09%"
"07.04.2017","64.593","64.202","65.197","64.016","2,94M","0,58%"
"06.04.2017","64.223","64.775","64.921","63.762","2,96M","-0,85%"
"05.04.2017","64.775","65.770","66.211","64.493","3,07M","-1,51%"
"04.04.2017","65.769","65.212","65.775","64.990","2,15M","0,85%"
"03.04.2017","65.211","64.989","65.384","64.774","2,95M","0,35%"
"31.03.2017","64.984","65.266","65.597","64.859","2,70M","-0,43%"
"30.03.2017","65.266","65.541","65.775","65.070","2,41M","-0,40%"
"29.03.2017","65.528","64.636","65.551","64.476","3,60M","1,37%"
"28.03.2017","64.640","64.308","64.847","64.042","3,46M","0,52%"
"27.03.2017","64.308","63.829","64.356","63.030","2,76M","0,71%"
"24.03.2017","63.854","63.554","63.997","63.469","2,65M","0,51%"
"23.03.2017","63.531","63.521","63.942","62.840","3,55M","0,01%"
"22.03.2017","63.521","62.980","63.747","62.496","4,19M","0,86%"
"21.03.2017","62.980","64.884","64.965","62.795","3,81M","-2,93%"
"20.03.2017","64.884","64.210","65.136","63.672","3,73M","1,05%"
"17.03.2017","64.210","65.783","66.205","64.152","5,37M","-2,39%"
"16.03.2017","65.783","66.232","66.554","65.531","2,95M","-0,68%"
"15.03.2017","66.235","64.702","66.318","64.537","3,86M","2,37%"
"14.03.2017","64.699","65.511","65.549","64.699","2,91M","-1,27%"
"13.03.2017","65.534","64.674","65.651","64.674","2,23M","1,33%"
"10.03.2017","64.675","64.586","65.725","64.472","3,54M","0,14%"
"09.03.2017","64.585","64.718","65.068","64.203","3,62M","-0,21%"
"08.03.2017","64.718","65.748","65.810","64.496","3,84M","-1,56%"
"07.03.2017","65.742","66.343","66.641","65.668","2,98M","-0,90%"
"06.03.2017","66.341","66.786","66.892","66.119","3,44M","-0,67%"
"03.03.2017","66.786","65.860","66.801","65.860","2,74M","1,41%"
"02.03.2017","65.855","67.000","67.035","65.594","3,19M","-1,69%"
"01.03.2017","66.989","66.661","67.398","66.661","2,45M","0,49%"
"24.02.2017","66.662","67.458","67.458","66.452","3,15M","-1,18%"
"23.02.2017","67.461","68.591","69.488","67.279","4,10M","-1,64%"
"22.02.2017","68.590","69.052","69.052","68.282","3,48M","-0,67%"
"21.02.2017","69.052","68.536","69.112","68.536","3,15M","0,76%"
"20.02.2017","68.533","67.756","68.674","67.756","2,24M","1,16%"
"17.02.2017","67.748","67.814","67.819","67.158","2,87M","-0,10%"
"16.02.2017","67.814","67.979","68.456","67.661","3,66M","-0,24%"
"15.02.2017","67.976","66.712","68.016","66.712","4,25M","1,89%"
"14.02.2017","66.713","66.971","67.110","66.251","3,48M","-0,38%"
"13.02.2017","66.968","66.125","67.094","66.125","3,20M","1,28%"
"10.02.2017","66.125","64.965","66.292","64.935","3,55M","1,79%"
"09.02.2017","64.965","64.850","65.302","64.587","2,72M","0,20%"
"08.02.2017","64.835","64.200","64.835","63.740","3,24M","0,99%"
"07.02.2017","64.199","64.022","64.815","63.938","2,86M","0,32%"
"06.02.2017","63.993","64.957","65.327","63.933","2,63M","-1,48%"
"03.02.2017","64.954","64.579","65.387","64.264","3,59M","0,58%"
"02.02.2017","64.578","64.835","65.132","64.163","3,05M","-0,40%"
"01.02.2017","64.836","64.687","65.594","64.687","3,31M","0,26%"
"31.01.2017","64.671","64.310","64.901","64.284","2,82M","0,57%"
"30.01.2017","64.302","66.025","66.025","64.165","2,33M","-2,62%"
"27.01.2017","66.034","66.195","66.242","65.876","2,66M","-0,24%"
"26.01.2017","66.191","65.842","66.594","65.842","3,60M","0,53%"
"24.01.2017","65.840","65.752","66.173","65.615","3,97M","0,14%"
"23.01.2017","65.749","64.519","65.816","64.500","3,05M","1,90%"
"20.01.2017","64.521","63.951","64.694","63.951","3,52M","0,89%"
"19.01.2017","63.951","64.145","64.456","63.574","2,96M","-0,31%"
"18.01.2017","64.150","64.360","64.680","64.063","3,10M","-0,32%"
"17.01.2017","64.354","63.827","64.658","63.456","3,02M","0,82%"
"16.01.2017","63.831","63.652","64.014","63.556","1,82M","0,28%"
"13.01.2017","63.652","63.940","64.092","63.366","2,82M","-0,47%"
"12.01.2017","63.954","62.448","64.342","62.448","4,68M","2,41%"
"11.01.2017","62.446","62.134","62.674","61.665","3,24M","0,51%"
"10.01.2017","62.132","61.710","62.446","61.710","2,70M","0,70%"
"09.01.2017","61.700","61.680","62.112","61.307","2,56M","0,06%"
"06.01.2017","61.665","62.072","62.072","61.396","2,45M","-0,65%"
"05.01.2017","62.071","61.594","62.409","61.594","3,42M","0,78%"
"04.01.2017","61.589","61.811","61.940","61.302","2,93M","-0,36%"
"03.01.2017","61.814","59.631","61.815","59.631","3,43M","3,73%"
"02.01.2017","59.589","60.227","60.227","59.371","833,73K","-1,06%"
"29.12.2016","60.227","59.782","60.248","59.278","2,19M","0,75%"
"28.12.2016","59.782","58.688","59.911","58.688","2,02M","1,85%"
"27.12.2016","58.697","58.627","59.068","58.402","1,67M","0,13%"
"26.12.2016","58.620","57.941","58.781","57.941","701,23K","1,18%"
"23.12.2016","57.937","57.255","58.143","57.255","2,22M","1,19%"
"22.12.2016","57.255","57.646","57.646","56.829","2,90M","-0,68%"
"21.12.2016","57.647","57.583","58.049","57.222","2,54M","0,11%"
"20.12.2016","57.583","57.116","57.918","57.038","2,76M","0,83%"
"19.12.2016","57.111","58.390","58.600","57.109","3,50M","-2,19%"
"16.12.2016","58.389","58.398","59.312","58.365","3,80M","-0,01%"
"15.12.2016","58.396","58.214","58.635","57.575","3,68M","0,32%"
"14.12.2016","58.212","59.280","59.338","58.212","3,98M","-1,80%"
"13.12.2016","59.281","59.178","59.946","58.758","3,70M","0,17%"
"12.12.2016","59.179","60.517","60.517","59.035","6,77M","-2,19%"
"09.12.2016","60.501","60.688","61.129","60.316","3,44M","-0,29%"
"08.12.2016","60.677","61.430","61.936","60.499","3,03M","-1,20%"
"07.12.2016","61.414","61.111","61.918","61.062","3,96M","0,53%"
"06.12.2016","61.088","59.828","61.235","59.396","3,72M","2,10%"
"05.12.2016","59.832","60.322","60.720","59.635","2,95M","-0,80%"
"02.12.2016","60.316","59.499","60.379","58.092","4,48M","1,36%"
"01.12.2016","59.507","61.906","61.911","59.058","5,52M","-3,88%"
"30.11.2016","61.906","60.994","62.590","60.994","4,73M","1,51%"
"29.11.2016","60.987","62.859","62.859","60.980","3,53M","-2,97%"
"28.11.2016","62.856","61.559","62.934","61.240","2,84M","2,11%"
"25.11.2016","61.559","61.394","61.559","60.573","2,74M","0,27%"
"24.11.2016","61.396","61.999","62.105","61.392","1,65M","-0,95%"
"23.11.2016","61.986","61.956","62.046","61.234","3,60M","0,05%"
"22.11.2016","61.954","61.072","62.550","61.072","4,11M","1,45%"
"21.11.2016","61.070","59.963","61.070","59.963","3,63M","1,85%"
"18.11.2016","59.962","59.770","60.193","59.327","3,57M","0,32%"
"17.11.2016","59.770","60.763","61.493","59.746","3,64M","-1,63%"
"16.11.2016","60.759","59.659","60.915","59.364","4,72M","1,85%"
"14.11.2016","59.657","59.183","59.961","58.322","5,58M","0,80%"
"11.11.2016","59.184","61.199","61.626","58.921","7,81M","-3,30%"
"10.11.2016","61.201","63.261","63.903","60.553","7,86M","-3,25%"
"09.11.2016","63.258","64.157","64.358","61.794","5,80M","-1,40%"
"08.11.2016","64.158","64.052","64.767","63.381","3,37M","0,17%"
"07.11.2016","64.052","61.601","64.193","61.601","3,43M","3,98%"
"04.11.2016","61.598","61.749","62.699","61.491","4,10M","-0,25%"
"03.11.2016","61.750","63.325","63.524","61.750","4,25M","-2,49%"
"01.11.2016","63.326","64.922","65.291","63.019","4,64M","-2,46%"
"31.10.2016","64.925","64.312","65.054","64.312","3,93M","0,96%"
"28.10.2016","64.308","64.251","64.728","63.778","3,91M","0,09%"
"27.10.2016","64.250","63.827","64.609","63.827","3,70M","0,66%"
"26.10.2016","63.826","63.860","63.924","63.084","4,43M","-0,06%"
"25.10.2016","63.866","64.059","64.266","63.248","4,04M","-0,30%"
"24.10.2016","64.060","64.141","64.691","63.914","3,78M","-0,08%"
"21.10.2016","64.108","63.838","64.372","63.379","3,78M","0,42%"
"20.10.2016","63.838","63.495","63.927","62.729","3,53M","0,52%"
"19.10.2016","63.506","63.784","64.089","63.309","3,73M","-0,43%"
"18.10.2016","63.782","62.701","63.937","62.701","4,39M","1,73%"
"17.10.2016","62.696","61.768","62.696","61.719","3,44M","1,50%"
"14.10.2016","61.767","61.120","62.039","61.120","3,81M","1,06%"
"13.10.2016","61.119","61.020","61.329","60.243","5,11M","0,16%"
"11.10.2016","61.022","61.668","61.668","60.885","3,68M","-1,05%"
"10.10.2016","61.668","61.130","61.756","61.130","3,03M","0,92%"
"07.10.2016","61.109","60.645","61.275","60.479","4,37M","0,77%"
"06.10.2016","60.644","60.254","60.724","60.070","3,62M","0,65%"
"05.10.2016","60.254","59.340","60.477","59.340","3,48M","1,54%"
"04.10.2016","59.339","59.461","59.580","58.892","4,02M","-0,21%"
"03.10.2016","59.461","58.370","59.549","58.367","2,86M","1,87%"
"30.09.2016","58.367","58.350","58.900","58.271","2,95M","0,03%"
"29.09.2016","58.351","59.346","59.621","58.292","3,30M","-1,69%"
"28.09.2016","59.356","58.383","59.415","58.353","3,33M","1,67%"
"27.09.2016","58.382","58.066","58.490","57.411","3,04M","0,57%"
"26.09.2016","58.054","58.697","58.697","57.904","2,17M","-1,10%"
"23.09.2016","58.697","58.992","59.131","58.409","2,90M","-0,50%"
"22.09.2016","58.994","58.408","59.462","58.408","3,47M","1,03%"
"21.09.2016","58.394","57.736","58.575","57.326","4,01M","1,14%"
"20.09.2016","57.736","57.356","57.902","57.356","3,09M","0,67%"
"19.09.2016","57.350","57.083","58.025","57.083","2,77M","0,47%"
"16.09.2016","57.080","57.909","57.909","56.794","3,83M","-1,43%"
"15.09.2016","57.909","57.068","58.127","57.068","2,90M","1,49%"
"14.09.2016","57.059","56.812","57.342","56.694","3,43M","0,42%"
"13.09.2016","56.821","58.580","58.580","56.459","4,51M","-3,01%"
"12.09.2016","58.586","57.998","58.595","57.511","3,64M","1,01%"
"09.09.2016","58.000","60.220","60.220","57.961","4,12M","-3,71%"
"08.09.2016","60.232","60.129","60.311","59.743","3,96M","0,17%"
"06.09.2016","60.129","59.566","60.129","59.182","3,25M","0,95%"
"05.09.2016","59.566","59.616","59.986","59.402","1,82M","-0,08%"
"02.09.2016","59.616","58.241","59.655","58.241","3,89M","2,37%"
"01.09.2016","58.236","57.901","58.417","57.638","3,80M","0,58%"
"31.08.2016","57.901","58.580","58.910","57.506","4,20M","-1,15%"
"30.08.2016","58.575","58.610","58.882","58.293","2,81M","-0,06%"
"29.08.2016","58.610","57.717","58.957","57.642","2,85M","1,55%"
"26.08.2016","57.716","57.725","58.655","57.259","3,72M","-0,01%"
"25.08.2016","57.722","57.718","58.124","57.639","3,07M","0,01%"
"24.08.2016","57.718","58.019","58.332","57.456","3,32M","-0,52%"
"23.08.2016","58.020","57.781","58.596","57.781","3,75M","0,41%"
"22.08.2016","57.781","59.080","59.099","57.631","3,23M","-2,23%"
"19.08.2016","59.099","59.158","59.240","58.599","2,74M","-0,11%"
"18.08.2016","59.166","59.324","59.418","58.829","3,72M","-0,27%"
"17.08.2016","59.324","58.847","59.324","58.081","4,31M","0,80%"
"16.08.2016","58.855","59.144","59.187","58.589","3,99M","-0,49%"
"15.08.2016","59.146","58.316","59.324","58.316","3,60M","1,45%"
"12.08.2016","58.298","58.300","58.753","57.987","3,93M","0,00%"
"11.08.2016","58.300","56.925","58.308","56.923","4,03M","2,42%"
"10.08.2016","56.920","57.690","57.953","56.735","3,62M","-1,33%"
"09.08.2016","57.689","57.637","58.095","57.615","3,14M","0,09%"
"08.08.2016","57.635","57.655","57.917","57.504","3,25M","-0,04%"
"05.08.2016","57.661","57.609","57.951","57.290","3,46M","0,12%"
"04.08.2016","57.594","57.076","58.030","57.076","4,32M","0,91%"
"03.08.2016","57.077","56.157","57.101","55.788","4,18M","1,63%"
"02.08.2016","56.162","56.756","56.974","55.696","3,98M","-1,05%"
"01.08.2016","56.756","57.309","57.729","56.676","4,21M","-0,96%"
"29.07.2016","57.308","56.664","57.474","56.340","4,55M","1,13%"
"28.07.2016","56.667","56.853","56.853","55.993","3,91M","-0,33%"
"27.07.2016","56.853","56.788","57.380","56.788","3,91M","0,12%"
"26.07.2016","56.783","56.876","57.310","56.708","3,46M","-0,16%"
"25.07.2016","56.873","57.006","57.205","56.398","3,22M","-0,23%"
"22.07.2016","57.002","56.641","57.171","56.518","3,00M","0,64%"
"21.07.2016","56.641","56.578","56.906","56.233","3,59M","0,11%"
"20.07.2016","56.578","56.699","56.927","56.221","4,00M","-0,21%"
"19.07.2016","56.698","56.487","56.698","56.246","3,91M","0,38%"
"18.07.2016","56.484","55.573","56.509","55.355","4,11M","1,63%"
"15.07.2016","55.578","55.482","55.649","55.233","3,80M","0,18%"
"14.07.2016","55.481","54.601","55.634","54.601","4,54M","1,62%"
"13.07.2016","54.598","54.256","54.647","53.733","4,16M","0,63%"
"12.07.2016","54.256","53.961","54.746","53.961","4,00M","0,55%"
"11.07.2016","53.960","53.143","54.021","53.143","3,31M","1,54%"
"08.07.2016","53.141","52.020","53.166","52.020","3,09M","2,16%"
"07.07.2016","52.015","51.902","52.719","51.888","3,83M","0,22%"
"06.07.2016","51.902","51.842","51.909","50.825","3,38M","0,11%"
"05.07.2016","51.842","52.565","52.565","51.510","3,22M","-1,38%"
"04.07.2016","52.569","52.241","52.918","52.241","2,08M","0,64%"
"01.07.2016","52.233","51.540","52.346","51.411","4,24M","1,37%"
"30.06.2016","51.527","51.001","51.619","50.585","4,51M","1,03%"
"29.06.2016","51.002","50.009","51.229","50.009","4,09M","1,99%"
"28.06.2016","50.007","49.252","50.301","49.252","3,51M","1,55%"
"27.06.2016","49.246","50.106","50.162","48.954","3,33M","-1,72%"
"24.06.2016","50.105","51.561","51.561","49.544","4,27M","-2,82%"
"23.06.2016","51.560","50.161","51.673","50.161","3,26M","2,80%"
"22.06.2016","50.156","50.835","51.239","50.060","3,75M","-1,34%"
"21.06.2016","50.838","50.326","50.870","49.678","3,45M","1,01%"
"20.06.2016","50.329","49.539","50.782","49.539","3,59M","1,61%"
"17.06.2016","49.534","49.409","50.191","49.405","4,38M","0,25%"
"16.06.2016","49.412","48.901","49.412","48.067","4,01M","1,02%"
"15.06.2016","48.915","48.649","49.415","48.324","5,16M","0,55%"
"14.06.2016","48.648","49.662","49.894","48.216","4,01M","-2,04%"
"13.06.2016","49.661","49.419","49.764","48.804","2,71M","0,48%"
"10.06.2016","49.422","51.117","51.117","49.421","3,07M","-3,32%"
"09.06.2016","51.118","51.633","51.633","50.832","3,31M","-0,99%"
"08.06.2016","51.629","50.490","51.812","50.490","4,35M","2,26%"
"07.06.2016","50.488","50.432","50.641","50.005","3,05M","0,11%"
"06.06.2016","50.432","50.627","50.924","50.097","3,11M","-0,37%"
"03.06.2016","50.620","49.888","50.634","49.888","3,43M","1,47%"
"02.06.2016","49.887","49.008","49.906","48.781","3,63M","1,78%"
"01.06.2016","49.013","48.468","49.057","48.200","3,39M","1,12%"
"31.05.2016","48.472","48.963","49.269","48.292","5,80M","-1,01%"
"30.05.2016","48.964","49.051","49.203","48.799","1,21M","-0,18%"
"27.05.2016","49.051","49.481","49.805","48.869","2,80M","-0,87%"
"25.05.2016","49.483","49.347","50.357","49.347","3,58M","0,28%"
"24.05.2016","49.345","49.330","50.002","49.153","3,24M","0,03%"
"23.05.2016","49.330","49.709","49.709","48.695","3,52M","-0,79%"
"20.05.2016","49.723","50.133","50.822","49.723","3,36M","-0,82%"
"19.05.2016","50.133","50.556","50.556","49.588","4,03M","-0,85%"
"18.05.2016","50.562","50.836","51.373","50.301","4,20M","-0,55%"
"17.05.2016","50.839","51.795","51.946","50.689","3,99M","-1,86%"
"16.05.2016","51.803","51.803","52.305","51.585","3,64M","0,00%"
"13.05.2016","51.804","53.236","53.250","51.366","4,45M","-2,70%"
"12.05.2016","53.241","52.765","53.798","52.424","4,77M","0,90%"
"11.05.2016","52.764","53.072","53.976","52.736","4,48M","-0,58%"
"10.05.2016","53.071","50.994","53.071","50.994","4,21M","4,08%"
"09.05.2016","50.990","51.717","51.717","49.908","5,09M","-1,41%"
"06.05.2016","51.718","51.671","52.159","51.204","3,40M","0,09%"
"05.05.2016","51.671","52.569","53.071","51.311","3,65M","-1,68%"
"04.05.2016","52.553","52.253","52.672","51.931","4,40M","0,56%"
"03.05.2016","52.260","53.557","53.557","52.260","4,01M","-2,43%"
"02.05.2016","53.562","53.910","54.113","53.265","3,39M","-0,65%"
"29.04.2016","53.911","54.317","54.705","53.592","5,05M","-0,74%"
"28.04.2016","54.312","54.475","54.978","53.963","4,55M","-0,30%"
"27.04.2016","54.478","53.094","54.560","53.094","5,05M","2,63%"
"26.04.2016","53.083","51.867","53.108","51.838","3,87M","2,35%"
"25.04.2016","51.862","52.911","52.949","51.748","3,81M","-1,98%"
"22.04.2016","52.908","53.630","53.630","52.629","4,39M","-1,35%"
"20.04.2016","53.631","53.711","53.857","53.149","4,69M","-0,15%"
"19.04.2016","53.710","52.894","54.054","52.894","5,19M","1,54%"
"18.04.2016","52.894","53.229","53.479","52.305","4,53M","-0,63%"
"15.04.2016","53.228","52.414","53.390","52.414","5,20M","1,56%"
"14.04.2016","52.411","53.150","53.699","52.242","5,66M","-1,39%"
"13.04.2016","53.150","52.010","53.844","52.010","6,57M","2,21%"
"12.04.2016","52.002","50.166","52.327","50.166","5,31M","3,66%"
"11.04.2016","50.165","50.303","51.089","50.078","4,18M","-0,25%"
"08.04.2016","50.293","48.517","50.486","48.517","5,20M","3,67%"
"07.04.2016","48.513","48.099","48.940","48.099","3,15M","0,87%"
"06.04.2016","48.096","49.054","49.054","47.874","3,93M","-1,95%"
"05.04.2016","49.054","48.778","49.629","48.149","3,66M","0,56%"
"04.04.2016","48.780","50.556","50.556","48.600","3,67M","-3,52%"
"01.04.2016","50.562","50.054","50.768","49.361","4,01M","1,01%"
"31.03.2016","50.055","51.248","51.248","49.642","4,38M","-2,33%"
"30.03.2016","51.249","51.155","52.262","50.900","4,88M","0,18%"
"29.03.2016","51.155","50.839","51.765","50.387","4,45M","0,62%"
"28.03.2016","50.838","49.687","51.149","49.687","3,62M","2,38%"
"24.03.2016","49.657","49.686","49.686","48.778","3,80M","-0,07%"
"23.03.2016","49.690","51.005","51.005","49.491","3,75M","-2,59%"
"22.03.2016","51.010","51.170","51.215","50.812","4,02M","-0,32%"
"21.03.2016","51.172","50.816","51.370","50.765","3,82M","0,70%"
"18.03.2016","50.815","50.915","51.308","50.202","5,62M","-0,19%"
"17.03.2016","50.914","47.770","51.268","47.770","7,47M","6,60%"
"16.03.2016","47.763","47.130","47.814","46.521","5,27M","1,34%"
"15.03.2016","47.130","48.866","48.866","46.684","5,67M","-3,56%"
"14.03.2016","48.867","49.639","50.166","48.757","4,95M","-1,55%"
"11.03.2016","49.639","49.574","50.038","49.156","6,19M","0,14%"
"10.03.2016","49.571","48.667","49.974","47.922","7,70M","1,86%"
"09.03.2016","48.665","49.102","50.001","48.623","6,42M","-0,89%"
"08.03.2016","49.102","49.244","49.914","48.847","7,37M","-0,29%"
"07.03.2016","49.246","49.089","49.639","48.746","5,90M","0,33%"
"04.03.2016","49.085","47.194","50.024","47.194","10,60M","4,01%"
"03.03.2016","47.193","44.900","47.375","44.900","9,31M","5,12%"
"02.03.2016","44.893","44.122","44.983","43.841","5,16M","1,75%"
"01.03.2016","44.122","42.795","44.181","42.795","4,75M","3,10%"
"29.02.2016","42.794","41.599","43.053","41.599","4,61M","2,89%"
"26.02.2016","41.593","41.889","42.495","41.417","3,38M","-0,70%"
"25.02.2016","41.888","42.084","42.327","41.442","4,05M","-0,47%"
"24.02.2016","42.085","42.521","42.521","41.211","3,63M","-1,03%"
"23.02.2016","42.521","43.235","43.601","42.359","3,92M","-1,65%"
"22.02.2016","43.235","41.544","43.345","41.544","4,65M","4,07%"
"19.02.2016","41.543","41.477","41.828","41.071","3,40M","0,16%"
"18.02.2016","41.478","41.624","41.698","41.183","3,64M","-0,37%"
"17.02.2016","41.631","40.958","42.436","40.958","5,47M","1,67%"
"16.02.2016","40.948","40.093","41.206","40.074","4,04M","2,13%"
"15.02.2016","40.093","39.808","40.671","39.808","1,75M","0,72%"
"12.02.2016","39.808","39.324","39.901","39.324","3,43M","1,25%"
"11.02.2016","39.318","40.370","40.370","38.928","3,79M","-2,62%"
"10.02.2016","40.377","40.592","40.592","39.960","","-0,53%"
"05.02.2016","40.592","40.812","41.249","40.566","3,67M","-0,56%"
"04.02.2016","40.822","39.589","41.444","39.589","5,56M","3,11%"
"03.02.2016","39.589","38.597","39.726","38.597","4,37M","2,57%"
"02.02.2016","38.596","40.564","40.564","38.596","4,56M","-4,87%"
"01.02.2016","40.570","40.397","40.570","39.738","3,77M","0,41%"
"29.01.2016","40.406","38.635","40.406","38.635","5,65M","4,60%"
"28.01.2016","38.630","38.376","39.100","37.996","4,60M","0,66%"
"27.01.2016","38.376","37.501","38.766","37.402","4,79M","2,34%"
"26.01.2016","37.497","38.031","38.031","37.112","3,72M","-1,40%"
"22.01.2016","38.031","37.737","38.444","37.737","4,33M","0,83%"
"21.01.2016","37.717","37.647","38.079","37.495","3,89M","0,19%"
"20.01.2016","37.645","38.056","38.056","37.046","4,08M","-1,08%"
"19.01.2016","38.057","37.941","38.857","37.941","3,14M","0,32%"
"18.01.2016","37.937","38.572","38.633","37.937","2,23M","-1,64%"
"15.01.2016","38.569","39.494","39.494","37.986","4,20M","-2,36%"
"14.01.2016","39.500","38.944","39.502","38.459","3,99M","1,43%"
"13.01.2016","38.944","39.518","40.050","38.822","3,68M","-1,44%"
"12.01.2016","39.514","39.955","40.261","39.426","3,49M","-1,09%"
"11.01.2016","39.950","40.612","40.974","39.924","3,18M","-1,63%"
"08.01.2016","40.612","40.695","41.218","40.463","3,32M","-0,20%"
"07.01.2016","40.695","41.772","41.772","40.695","4,16M","-2,58%"
"06.01.2016","41.773","42.410","42.410","41.590","4,06M","-1,52%"
"05.01.2016","42.419","42.139","42.534","42.137","2,64M","0,66%"
"04.01.2016","42.141","43.349","43.349","42.125","3,07M","-2,79%"
"30.12.2015","43.350","43.653","43.662","43.217","2,76M","-0,70%"
"29.12.2015","43.654","43.781","44.042","43.523","1,73M","-0,25%"
"28.12.2015","43.764","44.016","44.087","43.709","1,85M","-0,57%"
"23.12.2015","44.015","43.479","44.233","43.479","2,58M","1,25%"
"22.12.2015","43.470","43.208","43.632","43.137","2,66M","0,62%"
"21.12.2015","43.200","43.912","44.223","43.196","3,56M","-1,62%"
"18.12.2015","43.911","45.249","45.249","43.690","4,71M","-2,98%"
"17.12.2015","45.261","45.016","46.251","45.016","3,12M","0,55%"
"16.12.2015","45.016","44.868","45.099","44.095","3,43M","0,32%"
"15.12.2015","44.872","44.748","45.423","44.748","2,64M","0,28%"
"14.12.2015","44.747","45.258","45.258","44.531","2,56M","-1,14%"
"11.12.2015","45.263","45.630","45.981","45.068","3,38M","-0,81%"
"10.12.2015","45.631","46.084","46.323","45.351","3,75M","-1,04%"
"09.12.2015","46.108","44.444","46.438","44.444","4,58M","3,75%"
"08.12.2015","44.443","45.223","45.233","44.232","3,30M","-1,72%"
"07.12.2015","45.223","45.361","46.157","45.217","2,94M","-0,30%"
"04.12.2015","45.361","46.385","46.385","45.023","3,63M","-2,23%"
"03.12.2015","46.393","44.923","47.142","44.923","4,56M","3,29%"
"02.12.2015","44.915","45.046","45.338","44.579","4,31M","-0,29%"
"01.12.2015","45.047","45.121","45.482","44.775","4,31M","-0,16%"
"30.11.2015","45.120","45.871","45.931","45.106","7,39M","-1,64%"
"27.11.2015","45.873","47.144","47.144","45.812","3,13M","-2,70%"
"26.11.2015","47.146","46.867","47.199","46.867","2,36M","0,60%"
"25.11.2015","46.867","48.270","48.270","46.742","4,10M","-2,94%"
"24.11.2015","48.284","48.143","48.320","47.442","3,55M","0,28%"
"23.11.2015","48.150","48.138","48.745","47.988","3,38M","0,02%"
"19.11.2015","48.139","47.437","48.227","47.437","4,19M","1,48%"
"18.11.2015","47.436","47.241","47.951","47.241","4,09M","0,40%"
"17.11.2015","47.248","46.848","47.698","46.848","3,45M","0,86%"
"16.11.2015","46.847","46.519","46.905","46.399","3,24M","0,71%"
"13.11.2015","46.517","46.884","46.884","46.311","3,63M","-0,78%"
"12.11.2015","46.884","47.065","47.460","46.696","3,25M","-0,39%"
"11.11.2015","47.065","46.207","47.231","46.207","3,17M","1,86%"
"10.11.2015","46.207","46.195","46.207","45.397","2,48M","0,03%"
"09.11.2015","46.195","46.915","47.001","46.057","2,35M","-1,54%"
"06.11.2015","46.919","48.046","48.046","46.397","3,19M","-2,35%"
"05.11.2015","48.047","47.712","48.061","47.430","3,19M","0,71%"
"04.11.2015","47.710","48.059","49.054","47.441","3,74M","-0,71%"
"03.11.2015","48.054","45.869","48.054","45.866","4,75M","4,76%"
"30.10.2015","45.869","45.628","45.975","45.401","3,33M","0,53%"
"29.10.2015","45.628","46.740","46.740","45.628","3,18M","-2,38%"
"28.10.2015","46.741","47.038","47.442","46.388","4,09M","-0,64%"
"27.10.2015","47.043","47.205","47.338","46.742","3,44M","-0,35%"
"26.10.2015","47.209","47.607","47.875","47.105","2,53M","-0,81%"
"23.10.2015","47.597","47.774","48.837","47.502","3,59M","-0,37%"
"22.10.2015","47.772","47.027","47.909","47.027","3,22M","1,59%"
"21.10.2015","47.026","47.077","47.274","46.654","3,05M","-0,11%"
"20.10.2015","47.077","47.447","47.728","46.623","3,40M","-0,78%"
"19.10.2015","47.447","47.242","47.536","46.917","3,13M","0,45%"
"16.10.2015","47.236","47.161","47.727","46.517","3,65M","0,16%"
"15.10.2015","47.161","46.730","47.188","46.321","3,65M","0,96%"
"14.10.2015","46.710","47.349","47.715","46.701","6,14M","-1,38%"
"13.10.2015","47.363","49.339","49.339","47.135","4,35M","-4,00%"
"09.10.2015","49.338","49.105","49.752","48.698","4,69M","0,47%"
"08.10.2015","49.107","48.915","49.247","48.658","3,70M","0,39%"
"07.10.2015","48.914","47.735","49.290","47.715","6,25M","2,47%"
"06.10.2015","47.735","47.598","48.092","47.389","3,37M","0,29%"
"05.10.2015","47.598","47.033","48.081","47.019","3,32M","1,20%"
"02.10.2015","47.033","45.313","47.033","44.973","4,13M","3,80%"
"01.10.2015","45.313","45.064","45.547","44.789","3,89M","0,56%"
"30.09.2015","45.059","44.132","45.294","44.132","4,98M","2,10%"
"29.09.2015","44.132","43.956","44.531","43.956","3,05M","0,40%"
"28.09.2015","43.957","44.832","44.832","43.767","2,86M","-1,95%"
"25.09.2015","44.831","45.300","45.969","44.697","3,23M","-1,02%"
"24.09.2015","45.292","45.340","45.572","44.183","4,47M","-0,11%"
"23.09.2015","45.340","46.263","46.480","45.340","4,08M","-2,00%"
"22.09.2015","46.265","46.585","46.585","45.276","4,32M","-0,70%"
"21.09.2015","46.590","47.263","47.391","46.425","2,68M","-1,43%"
"18.09.2015","47.264","48.550","48.550","46.928","4,52M","-2,65%"
"17.09.2015","48.551","48.553","49.396","48.082","4,31M","0,00%"
"16.09.2015","48.553","47.364","48.681","47.364","4,45M","2,51%"
"15.09.2015","47.364","47.281","47.689","46.746","3,67M","0,17%"
"14.09.2015","47.282","46.400","47.386","46.218","3,69M","1,90%"
"11.09.2015","46.401","46.509","46.558","46.176","3,62M","-0,22%"
"10.09.2015","46.504","46.656","46.819","45.592","4,62M","-0,33%"
"09.09.2015","46.657","46.762","47.840","46.614","3,81M","-0,22%"
"08.09.2015","46.762","46.501","47.243","46.497","2,94M","0,57%"
"04.09.2015","46.498","47.366","47.377","46.320","4,30M","-1,83%"
"03.09.2015","47.366","46.468","47.532","46.279","4,23M","1,94%"
"02.09.2015","46.464","45.484","46.474","45.445","3,86M","2,17%"
"01.09.2015","45.477","46.625","46.625","45.278","3,78M","-2,46%"
"31.08.2015","46.626","47.151","47.151","45.570","4,95M","-1,12%"
"28.08.2015","47.154","47.697","47.872","46.847","3,90M","-1,18%"
"27.08.2015","47.715","46.038","47.997","46.038","4,38M","3,64%"
"26.08.2015","46.038","44.546","46.039","44.540","3,86M","3,35%"
"25.08.2015","44.545","44.338","45.588","44.338","3,84M","0,47%"
"24.08.2015","44.336","45.715","45.715","42.749","4,87M","-3,03%"
"21.08.2015","45.720","46.649","46.649","45.677","2,96M","-1,99%"
"20.08.2015","46.649","46.588","46.781","46.030","3,04M","0,13%"
"19.08.2015","46.588","47.451","47.451","45.977","3,34M","-1,82%"
"18.08.2015","47.451","47.220","48.084","46.676","3,65M","0,49%"
"17.08.2015","47.217","47.509","47.788","47.217","2,49M","-0,61%"
"14.08.2015","47.508","48.010","48.186","47.508","2,97M","-1,04%"
"13.08.2015","48.010","48.390","48.606","47.722","3,29M","-0,78%"
"12.08.2015","48.388","49.064","49.064","48.028","4,37M","-1,39%"
"11.08.2015","49.072","49.340","49.340","48.306","3,29M","-0,57%"
"10.08.2015","49.353","48.578","49.512","48.578","2,93M","1,60%"
"07.08.2015","48.577","50.013","50.013","48.512","3,32M","-2,87%"
"06.08.2015","50.011","50.280","50.534","49.624","3,75M","-0,55%"
"05.08.2015","50.287","50.067","50.853","50.067","2,75M","0,46%"
"04.08.2015","50.058","50.138","50.574","49.827","2,75M","-0,16%"
"03.08.2015","50.138","50.867","50.867","50.054","2,69M","-1,43%"
"31.07.2015","50.865","49.897","50.895","49.892","3,14M","1,94%"
"30.07.2015","49.897","50.245","50.645","49.612","3,26M","-0,69%"
"29.07.2015","50.245","49.602","50.333","49.422","3,75M","1,30%"
"28.07.2015","49.602","48.740","49.871","48.740","4,14M","1,78%"
"27.07.2015","48.736","49.246","49.298","48.640","3,49M","-1,04%"
"24.07.2015","49.246","49.804","49.831","48.624","3,74M","-1,13%"
"23.07.2015","49.807","50.916","51.063","49.668","4,31M","-2,18%"
"22.07.2015","50.916","51.474","51.474","50.592","3,22M","-1,09%"
"21.07.2015","51.474","51.603","51.998","51.244","3,03M","-0,24%"
"20.07.2015","51.600","52.341","52.424","51.525","2,72M","-1,42%"
"17.07.2015","52.342","53.070","53.310","52.221","2,52M","-1,37%"
"16.07.2015","53.070","52.902","53.417","52.714","2,14M","0,32%"
"15.07.2015","52.902","53.239","53.334","52.790","2,61M","-0,63%"
"14.07.2015","53.239","53.119","53.416","52.653","2,74M","0,23%"
"13.07.2015","53.119","52.591","53.164","52.591","2,69M","1,01%"
"10.07.2015","52.591","51.782","52.786","51.782","2,76M","1,56%"
"08.07.2015","51.782","52.343","52.468","51.574","2,97M","-1,07%"
"07.07.2015","52.344","52.149","52.388","51.130","3,65M","0,37%"
"06.07.2015","52.149","52.511","52.679","51.683","2,65M","-0,70%"
"03.07.2015","52.519","53.106","53.106","52.370","1,54M","-1,10%"
"02.07.2015","53.106","52.758","53.357","52.758","3,09M","0,66%"
"01.07.2015","52.758","53.081","53.456","52.603","2,80M","-0,61%"
"30.06.2015","53.081","53.014","53.345","52.813","3,11M","0,13%"
"29.06.2015","53.014","54.013","54.013","52.647","2,63M","-1,86%"
"26.06.2015","54.017","53.181","54.076","53.151","2,79M","1,58%"
"25.06.2015","53.176","53.840","53.840","52.879","3,33M","-1,24%"
"24.06.2015","53.843","53.772","54.236","53.628","2,82M","0,13%"
"23.06.2015","53.772","53.865","54.361","53.772","2,71M","-0,17%"
"22.06.2015","53.864","53.750","54.342","53.655","2,43M","0,21%"
"19.06.2015","53.749","54.236","54.236","53.479","2,95M","-0,90%"
"18.06.2015","54.239","53.251","54.352","53.214","2,75M","1,86%"
"17.06.2015","53.249","53.698","53.755","52.965","3,09M","-0,84%"
"16.06.2015","53.702","53.144","53.969","53.107","3,38M","1,06%"
"15.06.2015","53.138","53.338","53.338","52.548","2,69M","-0,39%"
"12.06.2015","53.348","53.689","53.689","53.033","2,45M","-0,64%"
"11.06.2015","53.689","53.876","54.271","53.444","3,19M","-0,35%"
"10.06.2015","53.876","52.817","54.102","52.817","3,70M","2,01%"
"09.06.2015","52.816","52.810","53.292","52.688","3,79M","0,01%"
"08.06.2015","52.810","52.975","53.325","52.810","2,66M","-0,31%"
"05.06.2015","52.973","53.518","53.518","52.808","2,81M","-1,03%"
"03.06.2015","53.523","54.254","54.254","53.462","3,42M","-1,32%"
"02.06.2015","54.236","53.035","54.236","53.035","3,58M","2,27%"
"01.06.2015","53.031","52.753","53.233","52.666","2,76M","0,51%"
"29.05.2015","52.760","53.974","53.974","52.760","5,73M","-2,25%"
"28.05.2015","53.976","54.230","54.230","53.363","3,00M","-0,48%"
"27.05.2015","54.236","53.631","54.293","53.136","3,58M","1,13%"
"26.05.2015","53.630","54.609","54.609","53.548","3,43M","-1,79%"
"25.05.2015","54.609","54.378","54.868","53.972","1,65M","0,43%"
"22.05.2015","54.377","55.112","55.223","54.038","3,80M","-1,33%"
"21.05.2015","55.112","54.900","55.112","54.526","3,41M","0,38%"
"20.05.2015","54.901","55.497","55.645","54.820","3,38M","-1,08%"
"19.05.2015","55.499","56.204","56.212","55.027","3,32M","-1,26%"
"18.05.2015","56.204","57.250","57.606","55.926","3,90M","-1,82%"
"15.05.2015","57.249","56.656","57.288","56.422","2,98M","1,04%"
"14.05.2015","56.657","56.376","56.921","56.105","3,31M","0,50%"
"13.05.2015","56.372","56.790","56.900","56.199","3,17M","-0,74%"
"12.05.2015","56.792","57.193","57.424","56.753","3,18M","-0,71%"
"11.05.2015","57.197","57.166","57.490","57.013","3,06M","0,08%"
"08.05.2015","57.149","56.965","57.621","56.595","3,41M","0,40%"
"07.05.2015","56.921","57.103","57.290","56.507","3,07M","-0,32%"
"06.05.2015","57.103","58.050","58.575","56.820","4,60M","-1,63%"
"05.05.2015","58.052","57.350","58.147","57.096","3,90M","1,22%"
"04.05.2015","57.354","56.230","57.520","56.230","3,49M","2,00%"
"30.04.2015","56.229","55.312","56.229","55.080","4,95M","1,63%"
"29.04.2015","55.325","55.809","55.809","55.067","3,89M","-0,87%"
"28.04.2015","55.812","55.549","56.018","54.973","4,08M","0,50%"
"27.04.2015","55.535","56.554","56.962","55.515","3,85M","-1,87%"
"24.04.2015","56.594","55.687","56.965","55.687","4,98M","1,63%"
"23.04.2015","55.685","54.616","55.782","54.064","5,54M","1,95%"
"22.04.2015","54.617","53.762","54.848","53.762","3,70M","1,59%"
"20.04.2015","53.761","53.965","54.385","53.510","2,69M","-0,36%"
"17.04.2015","53.955","54.672","54.672","53.896","3,54M","-1,32%"
"16.04.2015","54.674","54.919","54.919","54.316","4,13M","-0,45%"
"15.04.2015","54.919","54.037","54.960","54.037","4,07M","1,74%"
"14.04.2015","53.982","54.240","54.625","53.773","3,75M","-0,48%"
"13.04.2015","54.240","54.214","54.866","54.004","3,66M","0,05%"
"10.04.2015","54.214","53.803","54.413","53.556","3,68M","0,76%"
"09.04.2015","53.803","53.638","54.002","53.292","4,34M","0,26%"
"08.04.2015","53.661","53.732","54.458","53.508","4,78M","-0,13%"
"07.04.2015","53.729","53.738","54.002","53.436","3,49M","-0,02%"
"06.04.2015","53.737","53.124","54.146","53.122","3,32M","1,16%"
"02.04.2015","53.123","52.322","53.312","52.322","4,27M","1,53%"
"01.04.2015","52.322","51.186","52.613","51.186","4,41M","2,29%"
"31.03.2015","51.150","51.243","51.466","50.612","3,51M","-0,18%"
"30.03.2015","51.243","50.100","51.265","50.100","2,80M","2,29%"
"27.03.2015","50.095","50.575","50.575","49.909","3,93M","-0,96%"
"26.03.2015","50.580","51.835","51.835","50.528","3,64M","-2,47%"
"25.03.2015","51.858","51.507","52.319","51.507","4,77M","0,68%"
"24.03.2015","51.506","51.908","52.223","51.006","3,44M","-0,78%"
"23.03.2015","51.908","51.970","52.178","51.516","3,40M","-0,11%"
"20.03.2015","51.967","50.964","52.286","50.964","4,92M","1,99%"
"19.03.2015","50.954","51.530","51.547","50.791","3,26M","-1,11%"
"18.03.2015","51.526","50.284","51.773","49.788","4,46M","2,47%"
"17.03.2015","50.285","48.849","50.384","48.841","4,01M","2,94%"
"16.03.2015","48.848","48.602","49.205","48.394","3,16M","0,52%"
"13.03.2015","48.596","48.858","48.858","47.905","4,48M","-0,58%"
"12.03.2015","48.880","48.908","49.633","48.684","3,83M","-0,05%"
"11.03.2015","48.906","48.309","48.937","48.309","3,84M","1,27%"
"10.03.2015","48.293","49.177","49.177","48.293","4,43M","-1,80%"
"09.03.2015","49.181","49.978","49.978","48.952","3,30M","-1,60%"
"06.03.2015","49.981","50.355","50.401","49.779","2,79M","-0,76%"
"05.03.2015","50.365","50.472","50.734","50.114","2,73M","-0,20%"
"04.03.2015","50.468","51.303","51.303","50.399","3,65M","-1,63%"
"03.03.2015","51.304","51.021","51.432","50.995","2,75M","0,56%"
"02.03.2015","51.021","51.580","51.580","50.775","2,79M","-1,09%"
"27.02.2015","51.583","51.760","52.457","51.474","4,18M","-0,34%"
"26.02.2015","51.761","51.812","51.922","51.181","3,24M","-0,10%"
"25.02.2015","51.811","51.863","51.863","51.051","3,48M","-0,12%"
"24.02.2015","51.874","51.288","51.956","51.049","3,00M","1,16%"
"23.02.2015","51.281","51.238","51.690","50.861","2,82M","0,08%"
"20.02.2015","51.238","51.301","51.450","50.711","2,21M","-0,11%"
"19.02.2015","51.294","51.281","51.638","50.870","2,49M","0,03%"
"18.02.2015","51.280","50.639","51.868","50.639","2,94M","1,27%"
"13.02.2015","50.636","49.546","50.726","49.476","3,89M","2,23%"
"12.02.2015","49.533","48.240","49.690","48.240","3,83M","2,68%"
"11.02.2015","48.240","48.508","48.762","47.841","4,31M","-0,56%"
"10.02.2015","48.510","49.359","49.799","48.510","3,80M","-1,77%"
"09.02.2015","49.383","48.792","49.522","48.416","3,66M","1,21%"
"06.02.2015","48.792","49.231","49.231","48.209","4,59M","-0,90%"
"05.02.2015","49.234","49.299","49.816","49.020","4,00M","-0,14%"
"04.02.2015","49.301","48.965","49.718","48.214","4,81M","0,69%"
"03.02.2015","48.964","47.664","48.993","47.664","4,82M","2,76%"
"02.02.2015","47.651","46.933","47.684","46.760","3,25M","1,58%"
"30.01.2015","46.908","47.759","47.759","46.484","4,85M","-1,79%"
"29.01.2015","47.762","47.696","47.894","47.007","4,41M","0,14%"
"28.01.2015","47.695","48.589","48.589","47.550","4,24M","-1,85%"
"27.01.2015","48.591","48.577","48.864","47.352","3,89M","0,03%"
"26.01.2015","48.577","48.712","48.712","48.004","2,77M","-0,41%"
"23.01.2015","48.775","49.432","49.523","48.496","3,08M","-1,35%"
"22.01.2015","49.443","49.227","50.281","49.227","4,95M","0,44%"
"21.01.2015","49.224","47.888","49.329","47.888","3,56M","2,81%"
"20.01.2015","47.877","47.759","48.687","47.619","2,90M","0,25%"
"19.01.2015","47.758","49.009","49.009","47.503","2,10M","-2,57%"
"16.01.2015","49.017","48.028","49.264","48.028","3,34M","2,06%"
"15.01.2015","48.026","47.648","48.853","47.648","4,46M","0,80%"
"14.01.2015","47.646","48.038","48.281","47.372","3,70M","-0,82%"
"13.01.2015","48.042","48.144","48.939","48.042","3,88M","-0,20%"
"12.01.2015","48.140","48.840","48.840","47.956","3,25M","-1,43%"
"09.01.2015","48.840","49.955","49.955","48.501","3,00M","-2,21%"
"08.01.2015","49.943","49.463","50.261","49.017","3,62M","0,97%"
"07.01.2015","49.463","48.006","49.882","48.006","4,41M","3,05%"
"06.01.2015","48.001","47.517","48.061","47.338","4,56M","1,02%"
"05.01.2015","47.517","48.512","48.512","47.264","3,87M","-2,05%"
"02.01.2015","48.512","50.005","50.005","48.345","2,88M","-2,99%"
"30.12.2014","50.007","50.601","50.841","49.993","2,93M","-1,16%"
"29.12.2014","50.594","50.145","50.903","50.008","1,85M","0,90%"
"26.12.2014","50.145","50.891","50.973","49.914","1,91M","-1,46%"
"23.12.2014","50.890","50.121","50.890","49.815","2,67M","1,53%"
"22.12.2014","50.121","49.651","50.121","49.105","2,68M","0,95%"
"19.12.2014","49.651","48.492","49.658","48.435","3,62M","2,38%"
"18.12.2014","48.496","48.714","49.565","48.296","4,24M","-0,45%"
"17.12.2014","48.714","47.008","49.258","47.008","6,21M","3,63%"
"16.12.2014","47.008","47.016","47.595","45.853","5,34M","-0,02%"
"15.12.2014","47.019","48.002","48.401","46.410","4,69M","-2,05%"
"12.12.2014","48.002","49.861","49.861","47.973","3,76M","-3,73%"
"11.12.2014","49.862","49.549","49.946","48.809","3,83M","0,63%"
"10.12.2014","49.548","50.192","50.192","49.297","3,17M","-1,29%"
"09.12.2014","50.193","50.251","50.260","49.396","3,85M","-0,16%"
"08.12.2014","50.274","51.993","51.993","50.016","3,30M","-3,31%"
"05.12.2014","51.993","51.427","52.024","51.164","2,53M","1,10%"
"04.12.2014","51.427","52.320","52.539","51.074","2,91M","-1,71%"
"03.12.2014","52.320","51.611","52.471","51.611","2,72M","1,37%"
"02.12.2014","51.612","52.278","52.640","51.471","3,30M","-1,27%"
"01.12.2014","52.277","54.719","54.719","52.156","4,31M","-4,47%"
"28.11.2014","54.724","54.731","55.436","54.664","2,64M","0,00%"
"27.11.2014","54.721","55.100","56.065","54.593","2,29M","-0,68%"
"26.11.2014","55.098","55.561","56.100","54.977","3,03M","-0,83%"
"25.11.2014","55.561","55.410","56.387","55.204","5,03M","0,28%"
"24.11.2014","55.407","56.086","57.359","55.292","4,59M","-1,21%"
"21.11.2014","56.084","53.403","56.214","53.403","6,03M","5,02%"
"19.11.2014","53.403","52.062","53.403","52.032","4,25M","2,58%"
"18.11.2014","52.062","51.257","52.122","51.067","3,64M","1,57%"
"17.11.2014","51.257","51.772","52.223","51.047","2,82M","-1,00%"
"14.11.2014","51.772","51.834","51.900","50.886","3,79M","-0,14%"
"13.11.2014","51.846","52.979","53.323","51.846","3,03M","-2,14%"
"12.11.2014","52.979","52.473","53.435","52.187","3,20M","0,96%"
"11.11.2014","52.474","52.718","52.718","52.003","2,68M","-0,48%"
"10.11.2014","52.725","53.223","53.830","52.716","2,97M","-0,93%"
"07.11.2014","53.223","52.637","53.483","52.197","3,59M","1,11%"
"06.11.2014","52.637","53.697","53.697","52.418","3,69M","-1,98%"
"05.11.2014","53.698","54.384","54.384","53.589","2,90M","-1,26%"
"04.11.2014","54.384","53.947","54.384","53.432","3,53M","0,81%"
"03.11.2014","53.947","54.629","54.629","53.054","3,67M","-1,25%"
"31.10.2014","54.629","52.338","54.629","52.335","5,35M","4,38%"
"30.10.2014","52.337","51.049","52.574","51.049","4,30M","2,52%"
"29.10.2014","51.049","52.330","52.330","51.049","4,92M","-2,45%"
"28.10.2014","52.330","50.504","52.374","50.503","5,76M","3,62%"
"27.10.2014","50.504","51.937","51.937","48.722","8,00M","-2,77%"
"24.10.2014","51.941","50.687","53.146","50.596","5,85M","2,42%"
"23.10.2014","50.713","52.409","52.409","50.654","6,35M","-3,24%"
"22.10.2014","52.411","52.427","53.229","52.064","3,76M","-0,04%"
"21.10.2014","52.432","54.300","54.300","51.922","6,58M","-3,44%"
"20.10.2014","54.303","55.720","55.720","54.300","3,87M","-2,55%"
"17.10.2014","55.724","54.298","55.949","54.298","4,41M","2,63%"
"16.10.2014","54.298","56.124","56.124","54.132","5,43M","-3,27%"
"15.10.2014","56.135","58.012","58.012","54.919","5,67M","-3,24%"
"14.10.2014","58.015","57.946","58.856","57.258","3,90M","0,10%"
"13.10.2014","57.957","55.313","58.747","55.313","4,54M","4,78%"
"10.10.2014","55.312","57.266","57.266","55.312","3,64M","-3,42%"
"09.10.2014","57.268","57.079","58.246","57.077","4,50M","0,37%"
"08.10.2014","57.058","57.440","58.191","56.199","4,81M","-0,66%"
"07.10.2014","57.436","57.124","58.318","57.124","4,87M","0,56%"
"06.10.2014","57.116","54.542","58.897","54.542","6,71M","4,72%"
"03.10.2014","54.540","53.519","54.540","53.368","3,71M","1,91%"
"02.10.2014","53.519","52.859","54.022","52.480","3,99M","1,25%"
"01.10.2014","52.858","54.115","54.115","52.647","4,92M","-2,32%"
"30.09.2014","54.116","54.626","54.626","53.536","5,22M","-0,93%"
"29.09.2014","54.625","57.211","57.211","54.124","5,19M","-4,52%"
"26.09.2014","57.212","55.965","57.489","55.946","2,98M","2,23%"
"25.09.2014","55.962","56.822","56.822","55.876","2,85M","-1,52%"
"24.09.2014","56.824","56.539","57.131","55.934","2,85M","0,50%"
"23.09.2014","56.541","56.818","57.332","56.086","3,32M","-0,49%"
"22.09.2014","56.818","57.788","57.788","55.974","3,81M","-1,68%"
"19.09.2014","57.789","58.356","58.516","57.514","3,46M","-1,00%"
"18.09.2014","58.374","59.108","59.267","58.118","3,85M","-1,24%"
"17.09.2014","59.108","59.115","60.025","59.096","3,53M","-0,01%"
"16.09.2014","59.115","57.949","60.243","57.946","4,88M","2,01%"
"15.09.2014","57.949","56.930","57.949","56.852","2,90M","1,79%"
"12.09.2014","56.928","58.336","58.336","56.666","4,62M","-2,42%"
"11.09.2014","58.337","58.202","58.809","58.112","2,89M","0,24%"
"10.09.2014","58.199","58.675","58.675","57.450","3,81M","-0,81%"
"09.09.2014","58.676","59.158","59.485","58.306","4,46M","-0,87%"
"08.09.2014","59.193","60.708","61.513","59.191","4,39M","-2,45%"
"05.09.2014","60.682","60.800","61.030","60.244","3,81M","-0,19%"
"04.09.2014","60.800","61.836","61.836","60.739","4,01M","-1,68%"
"03.09.2014","61.837","61.900","62.305","61.199","4,16M","-0,10%"
"02.09.2014","61.896","61.142","62.231","60.930","4,00M","1,23%"
"01.09.2014","61.141","61.294","62.279","61.141","2,77M","-0,24%"
"29.08.2014","61.288","60.291","61.443","60.273","4,94M","1,65%"
"28.08.2014","60.291","60.945","60.980","60.189","4,46M","-1,08%"
"27.08.2014","60.951","59.822","61.247","59.822","5,39M","1,89%"
"26.08.2014","59.821","59.735","60.093","59.522","4,01M","0,14%"
"25.08.2014","59.735","58.408","59.743","58.408","2,88M","2,27%"
"22.08.2014","58.407","58.992","58.992","58.164","2,33M","-0,99%"
"21.08.2014","58.992","58.878","59.207","58.558","3,32M","0,19%"
"20.08.2014","58.878","58.450","59.010","58.320","3,30M","0,73%"
"19.08.2014","58.449","57.561","58.475","57.371","3,48M","1,54%"
"18.08.2014","57.561","56.968","57.665","56.968","3,27M","1,05%"
"15.08.2014","56.964","55.783","56.965","55.783","3,44M","2,12%"
"14.08.2014","55.780","55.558","55.947","55.437","3,05M","0,36%"
"13.08.2014","55.581","56.454","56.736","55.239","4,81M","-1,53%"
"12.08.2014","56.442","56.613","56.811","56.312","2,15M","-0,30%"
"11.08.2014","56.613","55.578","56.657","55.578","2,67M","1,87%"
"08.08.2014","55.573","56.187","56.187","55.319","3,02M","-1,09%"
"07.08.2014","56.188","56.487","56.923","55.985","3,05M","-0,53%"
"06.08.2014","56.487","56.202","56.797","55.696","4,01M","0,51%"
"05.08.2014","56.202","56.621","56.937","56.064","3,75M","-0,73%"
"04.08.2014","56.616","55.906","56.620","55.586","2,20M","1,28%"
"01.08.2014","55.903","55.827","56.059","55.267","3,23M","0,13%"
"31.07.2014","55.829","56.878","56.878","55.502","3,49M","-1,84%"
"30.07.2014","56.878","57.119","57.439","56.706","2,45M","-0,42%"
"29.07.2014","57.119","57.697","58.013","57.083","2,70M","-1,00%"
"28.07.2014","57.696","57.823","58.040","57.415","2,37M","-0,22%"
"25.07.2014","57.821","57.978","58.069","57.648","2,42M","-0,27%"
"24.07.2014","57.978","57.420","58.122","57.357","3,04M","0,97%"
"23.07.2014","57.420","57.983","57.983","57.142","2,74M","-0,97%"
"22.07.2014","57.983","57.636","58.138","57.500","3,01M","0,61%"
"21.07.2014","57.634","57.014","57.756","56.864","3,03M","1,09%"
"18.07.2014","57.013","55.639","57.484","55.639","5,30M","2,47%"
"17.07.2014","55.638","55.712","56.190","55.237","3,98M","-0,14%"
"16.07.2014","55.717","55.973","56.332","55.573","4,09M","-0,46%"
"15.07.2014","55.974","55.742","56.107","55.629","3,22M","0,41%"
"14.07.2014","55.744","54.786","55.896","54.786","4,17M","1,75%"
"11.07.2014","54.786","54.593","54.952","54.320","3,38M","0,35%"
"10.07.2014","54.593","53.643","54.600","53.643","4,72M","1,79%"
"08.07.2014","53.635","53.814","53.905","53.459","1,85M","-0,31%"
"07.07.2014","53.802","54.042","54.042","53.376","2,19M","-0,47%"
"04.07.2014","54.056","53.893","54.087","53.704","753,84K","0,34%"
"03.07.2014","53.875","53.029","53.877","52.760","3,30M","1,59%"
"02.07.2014","53.029","53.171","53.245","52.735","3,16M","-0,27%"
"01.07.2014","53.171","53.170","53.698","52.887","2,69M","0,01%"
"30.06.2014","53.168","53.158","53.311","52.709","2,45M","0,02%"
"27.06.2014","53.157","53.507","53.614","52.919","2,37M","-0,65%"
"26.06.2014","53.507","53.427","53.790","53.331","2,24M","0,15%"
"25.06.2014","53.426","54.281","54.393","53.363","2,95M","-1,58%"
"24.06.2014","54.281","54.194","55.002","54.094","3,12M","0,13%"
"23.06.2014","54.210","54.637","54.724","54.097","1,40M","-0,78%"
"20.06.2014","54.638","55.192","55.192","54.540","2,35M","-1,02%"
"18.06.2014","55.203","54.301","55.203","54.046","3,27M","1,66%"
"17.06.2014","54.300","54.630","54.638","54.150","1,59M","-0,60%"
"16.06.2014","54.630","54.807","54.855","54.475","2,64M","-0,32%"
"13.06.2014","54.807","55.102","55.104","54.649","2,66M","-0,54%"
"11.06.2014","55.102","54.676","55.284","54.676","3,80M","0,91%"
"10.06.2014","54.604","54.273","54.604","53.960","3,73M","0,61%"
"09.06.2014","54.273","53.129","54.462","53.091","3,66M","2,15%"
"06.06.2014","53.129","51.562","53.175","51.562","4,30M","3,04%"
"05.06.2014","51.559","51.833","52.245","51.470","2,89M","-0,53%"
"04.06.2014","51.833","52.032","52.032","51.609","2,57M","-0,38%"
"03.06.2014","52.032","51.606","52.032","51.377","2,86M","0,83%"
"02.06.2014","51.606","51.239","51.879","51.239","2,60M","0,72%"
"30.05.2014","51.239","52.233","52.233","51.239","4,53M","-1,91%"
"29.05.2014","52.239","52.649","52.889","52.031","2,39M","-0,76%"
"28.05.2014","52.640","52.174","52.858","52.009","2,84M","0,89%"
"27.05.2014","52.174","52.932","53.309","52.079","2,89M","-1,43%"
"26.05.2014","52.933","52.650","53.044","52.650","1,19M","0,58%"
"23.05.2014","52.626","52.807","52.936","52.403","2,46M","-0,34%"
"22.05.2014","52.806","52.206","52.851","52.133","2,94M","1,15%"
"21.05.2014","52.203","52.366","52.875","52.203","3,25M","-0,31%"
"20.05.2014","52.366","53.353","53.843","52.313","3,95M","-1,85%"
"19.05.2014","53.353","53.976","53.991","53.267","3,09M","-1,15%"
"16.05.2014","53.976","53.856","54.382","53.709","3,54M","0,22%"
"15.05.2014","53.856","54.404","54.404","53.565","3,44M","-1,02%"
"14.05.2014","54.413","53.913","54.459","53.867","2,88M","0,94%"
"13.05.2014","53.907","54.056","54.243","53.731","2,96M","-0,27%"
"12.05.2014","54.053","53.103","54.053","53.103","2,74M","1,79%"
"09.05.2014","53.100","53.422","53.639","53.057","3,18M","-0,60%"
"08.05.2014","53.422","54.053","54.249","53.222","3,34M","-1,17%"
"07.05.2014","54.053","53.786","54.226","53.499","4,57M","0,51%"
"06.05.2014","53.780","53.446","53.986","53.094","4,97M","0,62%"
"05.05.2014","53.446","52.989","53.506","52.931","4,44M","0,88%"
"02.05.2014","52.980","51.630","53.060","51.628","8,11M","2,62%"
"30.04.2014","51.627","51.838","51.838","51.251","4,62M","-0,41%"
"29.04.2014","51.839","51.386","52.416","51.386","4,33M","0,89%"
"28.04.2014","51.384","51.397","51.471","50.777","2,71M","-0,03%"
"25.04.2014","51.399","51.817","51.817","51.019","2,95M","-0,81%"
"24.04.2014","51.817","51.570","51.963","51.238","3,19M","0,48%"
"23.04.2014","51.570","51.975","51.975","51.400","2,84M","-0,78%"
"22.04.2014","51.977","52.112","52.460","51.682","3,49M","-0,26%"
"17.04.2014","52.112","51.201","52.338","50.887","3,02M","1,78%"
"16.04.2014","51.201","50.469","51.288","50.469","3,43M","1,48%"
"15.04.2014","50.454","51.593","51.593","49.890","3,86M","-2,21%"
"14.04.2014","51.597","51.867","52.110","51.361","2,69M","-0,52%"
"11.04.2014","51.867","51.127","51.871","50.518","3,40M","1,45%"
"10.04.2014","51.127","51.185","51.522","50.732","3,59M","-0,11%"
"09.04.2014","51.185","51.629","51.629","50.653","4,20M","-0,86%"
"08.04.2014","51.629","52.173","53.394","51.377","5,50M","-1,01%"
"07.04.2014","52.155","51.115","52.229","51.115","3,67M","2,10%"
"04.04.2014","51.082","51.428","52.288","51.034","3,70M","-0,63%"
"03.04.2014","51.408","51.712","51.991","51.059","3,50M","-0,57%"
"02.04.2014","51.701","50.273","51.794","50.201","4,79M","2,85%"
"01.04.2014","50.270","50.412","50.627","49.774","3,50M","-0,29%"
"31.03.2014","50.415","49.770","50.418","49.770","3,65M","1,30%"
"28.03.2014","49.768","49.653","50.181","49.606","4,23M","0,24%"
"27.03.2014","49.647","47.965","49.647","47.962","5,93M","3,50%"
"26.03.2014","47.966","48.182","48.725","47.963","3,44M","-0,45%"
"25.03.2014","48.180","47.993","48.441","47.950","2,95M","0,39%"
"24.03.2014","47.993","47.382","48.142","47.382","3,01M","1,29%"
"21.03.2014","47.381","47.272","47.832","46.721","4,19M","0,22%"
"20.03.2014","47.278","46.565","47.484","46.151","4,36M","1,53%"
"19.03.2014","46.567","46.153","46.803","45.910","3,34M","0,90%"
"18.03.2014","46.151","45.115","46.217","45.075","3,59M","2,29%"
"17.03.2014","45.118","44.979","45.499","44.969","2,93M","0,34%"
"14.03.2014","44.966","45.444","45.562","44.905","3,48M","-1,05%"
"13.03.2014","45.444","45.864","46.176","45.250","3,12M","-0,91%"
"12.03.2014","45.862","45.687","45.916","45.508","3,02M","0,36%"
"11.03.2014","45.698","45.533","46.050","45.401","3,28M","0,36%"
"10.03.2014","45.533","46.242","46.242","45.203","3,67M","-1,54%"
"07.03.2014","46.244","47.093","47.218","46.086","3,98M","-1,80%"
"06.03.2014","47.093","46.592","47.400","46.502","3,16M","1,08%"
"05.03.2014","46.589","47.092","47.154","46.473","2,29M","-1,07%"
"28.02.2014","47.094","47.613","47.813","47.043","4,09M","-1,08%"
"27.02.2014","47.607","46.622","47.781","46.622","3,05M","2,16%"
"26.02.2014","46.599","46.718","47.010","46.403","3,23M","-0,25%"
"25.02.2014","46.716","47.388","47.388","46.614","2,92M","-1,43%"
"24.02.2014","47.394","47.376","47.539","46.991","2,99M","0,03%"
"21.02.2014","47.380","47.290","47.816","47.075","2,61M","0,19%"
"20.02.2014","47.289","47.127","47.600","46.634","3,00M","0,29%"
"19.02.2014","47.151","46.597","47.155","46.134","4,00M","1,18%"
"18.02.2014","46.600","47.575","47.712","46.600","3,86M","-2,05%"
"17.02.2014","47.576","48.200","48.298","47.540","1,88M","-1,30%"
"14.02.2014","48.201","47.816","48.314","47.756","3,19M","0,81%"
"13.02.2014","47.813","48.211","48.211","47.129","3,17M","-0,84%"
"12.02.2014","48.217","48.467","48.669","48.044","2,77M","-0,51%"
"11.02.2014","48.463","47.715","48.604","47.589","3,38M","1,58%"
"10.02.2014","47.711","48.070","48.136","47.465","2,63M","-0,75%"
"07.02.2014","48.074","47.739","48.253","47.557","3,20M","0,70%"
"06.02.2014","47.738","46.988","48.034","46.632","3,63M","2,39%"
"05.02.2014","46.624","46.964","47.148","46.224","3,36M","-0,72%"
"04.02.2014","46.964","46.148","47.132","46.146","3,47M","1,77%"
"03.02.2014","46.148","47.623","47.623","46.109","3,62M","-3,13%"
"31.01.2014","47.639","47.234","47.652","46.814","3,72M","0,84%"
"30.01.2014","47.244","47.554","48.034","47.115","3,11M","-0,66%"
"29.01.2014","47.557","47.839","47.884","47.154","3,32M","-0,59%"
"28.01.2014","47.841","47.750","48.488","47.750","2,69M","0,29%"
"27.01.2014","47.701","47.782","48.147","47.493","2,94M","-0,18%"
"24.01.2014","47.787","48.325","48.327","47.494","3,54M","-1,10%"
"23.01.2014","48.321","49.294","49.598","48.321","3,88M","-1,99%"
"22.01.2014","49.300","48.543","49.487","48.543","3,87M","1,56%"
"21.01.2014","48.542","48.728","49.124","48.440","3,10M","-0,34%"
"20.01.2014","48.708","49.181","49.292","48.673","1,41M","-0,96%"
"17.01.2014","49.182","49.696","49.868","49.174","2,62M","-1,04%"
"16.01.2014","49.696","50.106","50.577","49.628","2,94M","-0,82%"
"15.01.2014","50.105","49.715","50.230","49.715","2,84M","0,81%"
"14.01.2014","49.703","49.421","49.834","49.263","2,89M","0,56%"
"13.01.2014","49.427","49.708","50.003","49.309","2,80M","-0,54%"
"10.01.2014","49.696","49.322","50.145","49.267","3,51M","0,76%"
"09.01.2014","49.322","50.576","50.576","49.259","3,70M","-2,48%"
"08.01.2014","50.577","50.431","50.793","50.424","2,92M","0,29%"
"07.01.2014","50.430","50.982","51.478","50.429","3,34M","-1,07%"
"06.01.2014","50.974","50.980","51.002","50.451","3,73M","-0,01%"
"03.01.2014","50.981","50.348","50.981","50.269","7,36M","1,27%"
"02.01.2014","50.341","51.522","51.656","50.246","3,48M","-2,26%"
"30.12.2013","51.507","51.274","51.996","51.274","2,05M","0,47%"
"27.12.2013","51.267","51.239","51.395","51.207","2,00M","0,09%"
"26.12.2013","51.221","51.358","51.610","51.185","1,81M","-0,26%"
"23.12.2013","51.356","51.188","51.605","51.188","2,31M","0,33%"
"20.12.2013","51.186","51.620","51.641","51.025","3,72M","-0,87%"
"19.12.2013","51.633","50.578","51.633","50.578","2,96M","2,12%"
"18.12.2013","50.563","50.110","50.869","50.110","4,53M","0,94%"
"17.12.2013","50.090","50.279","50.563","50.049","2,68M","-0,38%"
"16.12.2013","50.280","50.049","50.611","50.049","2,80M","0,46%"
"13.12.2013","50.051","50.133","50.519","50.006","2,88M","-0,14%"
"12.12.2013","50.122","50.077","50.331","49.842","3,05M","0,11%"
"11.12.2013","50.068","50.991","51.039","50.068","3,08M","-1,81%"
"10.12.2013","50.993","51.167","51.334","50.956","2,13M","-0,34%"
"09.12.2013","51.165","50.942","51.298","50.832","2,28M","0,43%"
"06.12.2013","50.944","50.788","51.365","50.610","3,35M","0,31%"
"05.12.2013","50.788","50.220","51.124","50.220","3,67M","1,14%"
"04.12.2013","50.216","50.359","50.744","50.114","3,64M","-0,26%"
"03.12.2013","50.349","51.240","51.257","50.224","3,68M","-1,75%"
"02.12.2013","51.245","52.479","52.479","51.245","3,79M","-2,36%"
"29.11.2013","52.482","51.847","52.482","51.847","2,63M","1,23%"
"28.11.2013","51.847","51.862","52.458","51.697","2,42M","-0,03%"
"27.11.2013","51.861","51.448","52.113","51.448","3,11M","0,81%"
"26.11.2013","51.447","52.259","52.410","51.433","3,73M","-1,56%"
"25.11.2013","52.264","52.807","52.995","52.116","3,08M","-1,02%"
"22.11.2013","52.801","52.686","53.221","52.096","3,47M","0,21%"
"21.11.2013","52.688","53.027","53.027","52.190","3,62M","-0,65%"
"19.11.2013","53.033","54.304","54.304","52.831","3,65M","-2,35%"
"18.11.2013","54.307","53.452","54.317","53.452","3,32M","1,60%"
"14.11.2013","53.452","52.233","53.566","52.233","3,61M","2,34%"
"13.11.2013","52.230","51.804","52.271","51.290","3,42M","0,82%"
"12.11.2013","51.804","52.624","52.811","51.636","3,85M","-1,56%"
"11.11.2013","52.624","52.247","52.646","52.072","2,32M","0,72%"
"08.11.2013","52.249","52.739","52.868","51.735","4,11M","-0,93%"
"07.11.2013","52.741","53.390","53.891","52.558","4,87M","-1,21%"
"06.11.2013","53.385","53.840","53.857","53.073","4,26M","-0,83%"
"05.11.2013","53.832","54.436","54.539","53.731","3,33M","-1,11%"
"04.11.2013","54.437","54.014","54.531","54.008","2,73M","0,78%"
"01.11.2013","54.013","54.255","54.387","53.753","4,09M","-0,45%"
"31.10.2013","54.256","54.174","54.466","53.602","12,95M","0,15%"
"30.10.2013","54.173","54.541","54.764","53.917","6,04M","-0,67%"
"29.10.2013","54.539","55.076","55.267","54.224","6,14M","-0,97%"
"28.10.2013","55.073","54.156","55.076","54.070","5,80M","1,70%"
"25.10.2013","54.154","54.863","54.911","54.141","4,94M","-1,32%"
"24.10.2013","54.877","55.440","55.864","54.443","5,65M","-1,02%"
"23.10.2013","55.440","56.459","56.459","55.380","4,02M","-1,81%"
"22.10.2013","56.460","56.074","56.720","55.898","4,61M","0,68%"
"21.10.2013","56.077","55.380","56.109","55.257","4,66M","1,26%"
"18.10.2013","55.378","55.360","56.052","55.004","5,98M","0,04%"
"17.10.2013","55.358","55.966","56.168","55.146","7,21M","-1,10%"
"16.10.2013","55.973","54.983","56.747","54.902","12,96M","1,80%"
"15.10.2013","54.981","54.176","55.190","54.053","8,58M","1,50%"
"14.10.2013","54.171","53.150","54.197","52.833","4,09M","1,92%"
"11.10.2013","53.150","53.000","53.301","52.739","3,05M","0,29%"
"10.10.2013","52.997","52.550","53.133","52.512","4,14M","0,85%"
"09.10.2013","52.548","52.313","52.836","51.955","4,21M","0,45%"
"08.10.2013","52.312","52.413","52.556","51.870","4,00M","-0,20%"
"07.10.2013","52.417","52.841","52.912","52.274","3,47M","-0,82%"
"04.10.2013","52.849","52.489","52.872","52.113","4,30M","0,68%"
"03.10.2013","52.490","53.101","53.429","52.296","3,99M","-1,15%"
"02.10.2013","53.100","53.176","53.474","52.871","4,14M","-0,15%"
"01.10.2013","53.179","52.337","53.179","52.093","5,04M","1,61%"
"30.09.2013","52.338","53.737","53.737","52.291","6,50M","-2,61%"
"27.09.2013","53.739","53.781","54.131","53.611","4,22M","-0,08%"
"26.09.2013","53.783","54.263","54.344","53.429","6,27M","-0,88%"
"25.09.2013","54.261","54.425","54.612","53.968","3,90M","-0,31%"
"24.09.2013","54.431","54.600","54.818","54.164","4,30M","-0,31%"
"23.09.2013","54.602","54.110","54.683","54.027","3,92M","0,91%"
"20.09.2013","54.110","55.095","55.243","54.019","4,42M","-1,79%"
"19.09.2013","55.096","55.703","55.900","54.966","5,13M","-1,09%"
"18.09.2013","55.703","54.273","55.827","53.982","7,54M","2,64%"
"17.09.2013","54.271","53.823","54.271","53.576","4,25M","0,84%"
"16.09.2013","53.822","53.799","54.463","53.559","4,77M","0,04%"
"13.09.2013","53.798","53.311","53.859","52.917","4,94M","0,92%"
"12.09.2013","53.307","53.570","53.839","52.945","6,09M","-0,49%"
"11.09.2013","53.570","53.982","54.304","53.307","6,82M","-0,76%"
"10.09.2013","53.979","54.252","54.740","53.769","6,83M","-0,50%"
"09.09.2013","54.252","53.752","54.531","53.257","7,78M","0,93%"
"06.09.2013","53.749","52.354","54.125","52.354","10,52M","2,67%"
"05.09.2013","52.352","51.715","52.498","51.256","6,19M","1,23%"
"04.09.2013","51.716","51.621","51.830","51.108","5,04M","0,18%"
"03.09.2013","51.626","51.833","52.289","51.422","6,89M","-0,40%"
"02.09.2013","51.835","50.012","51.976","50.012","9,67M","3,65%"
"30.08.2013","50.012","49.932","50.480","49.649","14,23M","0,18%"
"29.08.2013","49.922","49.867","50.558","49.845","7,99M","0,11%"
"28.08.2013","49.867","50.092","50.591","49.530","8,50M","-0,45%"
"27.08.2013","50.092","51.425","51.425","50.018","5,72M","-2,60%"
"26.08.2013","51.429","52.200","52.398","51.429","4,28M","-1,47%"
"23.08.2013","52.197","51.401","52.197","51.166","5,89M","1,56%"
"22.08.2013","51.398","50.408","51.458","50.408","5,57M","1,97%"
"21.08.2013","50.405","50.501","51.171","50.055","5,99M","-0,20%"
"20.08.2013","50.507","51.561","51.561","50.499","5,83M","-2,07%"
"19.08.2013","51.574","51.540","52.089","51.115","6,39M","0,07%"
"16.08.2013","51.539","50.906","51.555","50.800","7,40M","1,24%"
"15.08.2013","50.908","50.880","51.453","50.050","8,36M","0,02%"
"14.08.2013","50.896","50.594","51.364","50.414","11,27M","0,58%"
"13.08.2013","50.601","50.299","50.734","50.040","6,51M","0,60%"
"12.08.2013","50.299","49.878","51.380","49.878","7,04M","0,85%"
"09.08.2013","49.875","48.949","50.001","48.836","6,32M","1,93%"
"08.08.2013","48.929","47.453","49.230","47.453","5,22M","3,12%"
"07.08.2013","47.447","47.422","47.665","47.164","4,46M","0,05%"
"06.08.2013","47.422","48.436","48.522","47.225","5,27M","-2,09%"
"05.08.2013","48.436","48.477","48.707","48.264","3,74M","-0,08%"
"02.08.2013","48.474","49.141","49.550","48.448","4,49M","-1,36%"
"01.08.2013","49.141","48.235","49.281","48.235","4,69M","1,88%"
"31.07.2013","48.234","48.558","48.824","48.140","4,94M","-0,67%"
"30.07.2013","48.562","49.220","49.669","48.560","5,51M","-1,32%"
"29.07.2013","49.212","49.414","49.461","48.975","3,29M","-0,42%"
"26.07.2013","49.422","49.068","49.422","48.633","4,00M","0,72%"
"25.07.2013","49.067","48.372","49.123","48.007","4,94M","1,43%"
"24.07.2013","48.374","48.816","48.888","47.999","5,01M","-0,91%"
"23.07.2013","48.820","48.579","49.379","48.579","4,58M","0,51%"
"22.07.2013","48.574","47.407","48.879","47.407","4,13M","2,48%"
"19.07.2013","47.400","47.650","47.650","47.163","3,47M","-0,54%"
"18.07.2013","47.657","47.404","48.057","47.093","4,29M","0,53%"
"17.07.2013","47.407","46.869","47.710","46.869","5,18M","1,15%"
"16.07.2013","46.869","46.749","47.330","46.417","4,78M","0,28%"
"15.07.2013","46.739","45.533","46.840","45.533","4,84M","2,65%"
"12.07.2013","45.533","46.624","46.624","45.529","5,36M","-2,34%"
"11.07.2013","46.626","45.494","46.719","45.494","5,59M","2,51%"
"10.07.2013","45.483","45.142","45.955","45.142","4,87M","0,90%"
"08.07.2013","45.076","45.211","45.740","44.839","4,66M","-0,30%"
"05.07.2013","45.210","45.757","45.757","44.107","6,99M","-1,21%"
"04.07.2013","45.763","45.046","46.097","45.046","5,10M","1,60%"
"03.07.2013","45.044","45.227","45.827","44.552","7,00M","-0,41%"
"02.07.2013","45.229","47.222","47.222","44.819","8,12M","-4,24%"
"01.07.2013","47.230","47.458","47.674","46.676","6,66M","-0,48%"
"28.06.2013","47.457","47.609","47.639","47.059","5,75M","-0,32%"
"27.06.2013","47.609","47.135","48.053","47.135","5,57M","0,93%"
"26.06.2013","47.172","46.903","47.725","46.903","5,64M","0,59%"
"25.06.2013","46.893","45.967","47.119","45.967","4,77M","2,02%"
"24.06.2013","45.965","47.039","47.039","45.406","6,30M","-2,32%"
"21.06.2013","47.056","48.209","48.209","46.918","6,42M","-2,40%"
"20.06.2013","48.214","47.884","48.214","45.930","8,79M","0,67%"
"19.06.2013","47.893","49.457","49.698","47.838","6,58M","-3,18%"
"18.06.2013","49.465","49.089","49.550","48.414","5,98M","0,77%"
"17.06.2013","49.089","49.337","50.123","49.074","5,32M","-0,49%"
"14.06.2013","49.332","50.415","50.656","49.330","5,83M","-2,15%"
"13.06.2013","50.415","49.758","50.444","48.968","6,23M","2,51%"
"12.06.2013","49.181","49.777","50.380","48.746","7,78M","-1,18%"
"11.06.2013","49.770","51.314","51.314","49.709","5,56M","-3,01%"
"10.06.2013","51.317","51.619","51.836","51.160","4,69M","-0,59%"
"07.06.2013","51.619","52.877","52.877","51.428","5,64M","-2,39%"
"06.06.2013","52.885","52.813","52.937","52.244","4,09M","0,16%"
"05.06.2013","52.799","54.019","54.207","52.774","4,63M","-2,26%"
"04.06.2013","54.018","53.944","54.289","53.498","4,31M","0,14%"
"03.06.2013","53.944","53.512","53.993","53.143","4,34M","0,82%"
"31.05.2013","53.506","54.633","54.776","52.942","8,79M","-2,07%"
"29.05.2013","54.635","56.032","56.032","54.635","5,00M","-2,50%"
"28.05.2013","56.036","56.399","56.979","56.009","4,18M","-0,64%"
"27.05.2013","56.396","56.415","56.562","56.353","2,05M","-0,02%"
"24.05.2013","56.406","56.350","56.506","55.901","4,85M","0,10%"
"23.05.2013","56.350","56.423","56.423","55.379","4,07M","-0,14%"
"22.05.2013","56.429","56.269","57.099","56.037","4,87M","0,29%"
"21.05.2013","56.265","55.699","56.265","55.379","3,90M","1,01%"
"20.05.2013","55.701","55.162","55.705","54.630","4,16M","0,97%"
"17.05.2013","55.164","54.780","55.489","54.780","4,07M","0,72%"
"16.05.2013","54.773","54.943","55.539","54.592","5,08M","-0,30%"
"15.05.2013","54.936","54.668","55.216","54.488","4,90M","0,49%"
"14.05.2013","54.667","54.442","55.030","54.327","5,09M","0,40%"
"13.05.2013","54.448","55.106","55.106","54.389","3,96M","-1,20%"
"10.05.2013","55.108","55.446","55.446","54.832","5,32M","-0,61%"
"09.05.2013","55.448","55.805","56.072","54.905","4,80M","-0,64%"
"08.05.2013","55.805","56.281","56.814","55.805","6,52M","-0,83%"
"07.05.2013","56.275","55.429","56.450","55.207","6,24M","1,52%"
"06.05.2013","55.430","55.488","55.542","54.652","6,45M","-0,10%"
"03.05.2013","55.488","55.330","56.366","55.330","8,86M","0,30%"
"02.05.2013","55.322","55.919","55.919","55.104","5,44M","-1,05%"
"30.04.2013","55.910","54.888","55.910","54.585","7,14M","1,86%"
"29.04.2013","54.887","54.254","55.336","54.254","5,93M","1,17%"
"26.04.2013","54.252","54.963","55.034","54.147","4,66M","-1,29%"
"25.04.2013","54.963","54.989","55.544","54.792","4,35M","-0,04%"
"24.04.2013","54.984","54.875","55.546","54.723","3,95M","0,18%"
"23.04.2013","54.885","54.301","55.282","54.165","5,37M","1,08%"
"22.04.2013","54.298","53.927","54.298","53.420","4,17M","0,68%"
"19.04.2013","53.929","53.169","54.018","53.169","3,73M","1,44%"
"18.04.2013","53.166","52.887","53.474","52.392","4,55M","0,54%"
"17.04.2013","52.882","53.984","53.984","52.540","7,41M","-2,05%"
"16.04.2013","53.991","52.953","54.095","52.953","4,35M","1,97%"
"15.04.2013","52.950","54.952","54.952","52.950","4,71M","-3,66%"
"12.04.2013","54.963","55.398","55.531","54.458","4,81M","-0,79%"
"11.04.2013","55.401","56.190","56.284","55.174","3,84M","-1,40%"
"10.04.2013","56.187","55.913","56.976","55.913","5,39M","0,49%"
"09.04.2013","55.912","55.101","56.305","55.101","5,19M","1,49%"
"08.04.2013","55.092","55.049","55.136","54.333","5,50M","0,08%"
"05.04.2013","55.051","54.646","55.227","53.794","5,97M","0,74%"
"04.04.2013","54.648","55.563","55.579","54.432","4,57M","-1,65%"
"03.04.2013","55.563","54.888","55.574","54.740","4,48M","1,23%"
"02.04.2013","54.889","55.901","56.257","54.809","3,59M","-1,81%"
"01.04.2013","55.902","56.348","56.348","55.897","2,76M","-0,80%"
"28.03.2013","56.352","56.035","56.374","55.874","4,37M","0,57%"
"27.03.2013","56.034","55.677","56.178","55.130","4,05M","0,65%"
"26.03.2013","55.671","54.879","55.763","54.879","3,76M","1,45%"
"25.03.2013","54.873","55.250","55.450","54.648","3,85M","-0,67%"
"22.03.2013","55.243","55.577","55.893","55.098","3,74M","-0,60%"
"21.03.2013","55.577","56.025","56.044","55.382","4,37M","-0,81%"
"20.03.2013","56.030","56.361","56.396","55.831","4,18M","-0,59%"
"19.03.2013","56.361","56.973","57.038","56.100","3,83M","-1,07%"
"18.03.2013","56.973","56.869","57.152","56.139","3,74M","0,18%"
"15.03.2013","56.869","57.275","57.532","56.805","5,18M","-0,72%"
"14.03.2013","57.281","57.386","57.850","56.722","4,58M","-0,18%"
"13.03.2013","57.386","58.204","58.411","57.286","4,54M","-1,41%"
"12.03.2013","58.209","58.542","58.709","58.113","3,81M","-0,57%"
"11.03.2013","58.545","58.440","58.547","57.800","4,13M","0,19%"
"08.03.2013","58.433","58.842","59.031","58.129","4,13M","-0,70%"
"07.03.2013","58.847","57.940","59.472","57.940","6,34M","1,56%"
"06.03.2013","57.940","55.953","58.150","55.953","5,81M","3,56%"
"05.03.2013","55.951","56.508","57.227","55.951","4,26M","-0,97%"
"04.03.2013","56.499","56.878","56.878","56.067","4,03M","-0,68%"
"01.03.2013","56.884","57.422","57.422","56.526","3,89M","-0,94%"
"28.02.2013","57.424","57.273","57.798","56.925","4,44M","0,26%"
"27.02.2013","57.274","56.948","57.402","56.685","5,03M","0,57%"
"26.02.2013","56.949","56.616","57.007","56.047","4,51M","0,59%"
"25.02.2013","56.618","56.698","57.157","56.419","3,97M","-0,14%"
"22.02.2013","56.697","56.159","56.742","56.107","5,11M","0,97%"
"21.02.2013","56.155","56.153","56.227","55.430","4,92M","-0,04%"
"20.02.2013","56.178","57.312","57.569","56.034","4,95M","-1,98%"
"19.02.2013","57.314","57.619","58.061","57.234","3,92M","-0,52%"
"18.02.2013","57.614","57.906","57.929","57.420","2,70M","-0,50%"
"15.02.2013","57.903","58.076","58.352","57.802","3,44M","-0,30%"
"14.02.2013","58.077","58.406","58.406","57.751","2,39M","-0,56%"
"13.02.2013","58.406","58.495","58.754","58.252","2,80M","-0,16%"
"08.02.2013","58.498","58.374","58.638","58.025","3,15M","0,21%"
"07.02.2013","58.372","58.936","59.435","58.116","4,07M","-0,98%"
"06.02.2013","58.951","59.442","59.582","58.588","4,41M","-0,83%"
"05.02.2013","59.445","59.576","59.974","59.132","4,43M","-0,22%"
"04.02.2013","59.576","60.350","60.350","59.256","3,35M","-1,28%"
"01.02.2013","60.351","59.764","60.496","59.742","3,41M","0,99%"
"31.01.2013","59.761","59.344","59.771","59.114","4,75M","0,72%"
"30.01.2013","59.337","60.405","60.405","59.305","4,66M","-1,77%"
"29.01.2013","60.406","60.027","60.428","59.758","3,19M","0,63%"
"28.01.2013","60.027","61.178","61.313","59.921","3,43M","-1,87%"
"24.01.2013","61.170","61.966","62.249","60.838","3,61M","-1,29%"
"23.01.2013","61.966","61.692","61.969","61.543","3,21M","0,44%"
"22.01.2013","61.692","61.904","61.995","61.534","3,47M","-0,34%"
"21.01.2013","61.900","61.962","62.052","61.804","2,14M","-0,09%"
"18.01.2013","61.956","62.197","62.395","61.822","3,50M","-0,38%"
"17.01.2013","62.194","61.806","62.309","61.683","3,38M","0,66%"
"16.01.2013","61.787","61.726","61.787","61.241","2,79M","0,10%"
"15.01.2013","61.728","62.079","62.151","61.695","3,82M","-0,57%"
"14.01.2013","62.081","61.511","62.285","61.511","3,48M","0,95%"
"11.01.2013","61.497","61.662","61.683","61.198","3,16M","-0,29%"
"10.01.2013","61.678","61.578","61.947","61.156","4,10M","0,16%"
"09.01.2013","61.579","61.129","61.812","61.103","3,24M","0,74%"
"08.01.2013","61.128","61.933","62.265","61.081","3,84M","-1,30%"
"07.01.2013","61.933","62.523","62.699","61.639","3,99M","-0,94%"
"04.01.2013","62.523","63.314","63.314","62.415","6,23M","-1,25%"
"03.01.2013","63.312","62.555","63.473","62.341","3,36M","1,22%"
"02.01.2013","62.550","60.990","62.887","60.990","3,74M","2,62%"
"28.12.2012","60.952","60.416","61.066","60.416","2,63M","0,89%"
"27.12.2012","60.416","60.964","61.191","60.233","2,85M","-0,89%"
"26.12.2012","60.960","61.003","61.322","60.861","2,60M","-0,08%"
"21.12.2012","61.007","61.271","61.271","60.221","3,16M","-0,44%"
"20.12.2012","61.276","60.992","61.276","60.622","3,08M","0,46%"
"19.12.2012","60.998","60.461","61.212","60.396","4,43M","0,89%"
"18.12.2012","60.461","59.568","60.539","59.565","4,36M","1,50%"
"17.12.2012","59.567","59.604","59.914","59.323","3,11M","-0,06%"
"14.12.2012","59.605","59.320","59.824","59.273","3,41M","0,49%"
"13.12.2012","59.317","59.459","59.969","59.154","3,57M","-0,26%"
"12.12.2012","59.474","59.626","59.859","59.291","4,75M","-0,25%"
"11.12.2012","59.623","59.257","59.747","58.951","3,99M","0,63%"
"10.12.2012","59.248","58.468","59.248","58.091","3,06M","1,30%"
"07.12.2012","58.487","57.656","58.594","57.636","3,04M","1,44%"
"06.12.2012","57.656","57.685","57.860","57.129","3,20M","-0,04%"
"05.12.2012","57.679","57.597","58.127","57.231","3,58M","0,20%"
"04.12.2012","57.563","58.212","58.520","57.547","3,94M","-1,10%"
"03.12.2012","58.202","57.479","58.332","57.479","3,49M","1,27%"
"30.11.2012","57.475","57.845","58.031","56.704","5,05M","-0,65%"
"29.11.2012","57.853","56.562","57.853","56.562","3,40M","2,32%"
"28.11.2012","56.539","56.206","56.591","55.686","3,47M","0,52%"
"27.11.2012","56.248","56.737","57.420","56.248","3,55M","-0,86%"
"26.11.2012","56.737","57.571","57.572","56.502","2,75M","-1,45%"
"23.11.2012","57.574","56.439","57.574","56.248","3,18M","2,01%"
"22.11.2012","56.437","56.245","56.643","56.242","2,15M","0,35%"
"21.11.2012","56.242","56.453","56.789","55.946","3,59M","-0,37%"
"19.11.2012","56.451","55.387","56.666","55.387","2,78M","1,89%"
"16.11.2012","55.402","56.277","56.277","55.126","3,47M","-1,56%"
"14.11.2012","56.279","57.472","57.472","56.038","3,61M","-2,10%"
"13.11.2012","57.486","57.049","57.529","56.593","3,36M","0,74%"
"12.11.2012","57.064","57.358","57.712","56.988","2,07M","-0,51%"
"09.11.2012","57.358","57.517","58.109","56.862","4,25M","-0,29%"
"08.11.2012","57.524","58.523","59.008","57.420","3,20M","-1,70%"
"07.11.2012","58.517","59.460","59.460","58.274","3,08M","-1,58%"
"06.11.2012","59.459","58.220","59.561","58.174","3,47M","2,15%"
"05.11.2012","58.210","58.374","58.374","57.551","2,62M","-0,30%"
"01.11.2012","58.383","57.065","58.383","56.960","2,98M","2,30%"
"31.10.2012","57.068","57.682","57.935","56.929","2,79M","-1,07%"
"30.10.2012","57.684","57.178","57.764","57.178","1,61M","0,89%"
"29.10.2012","57.177","57.267","57.267","56.581","1,71M","-0,17%"
"26.10.2012","57.277","57.833","57.833","57.061","3,00M","-0,97%"
"25.10.2012","57.837","57.161","58.274","57.161","3,15M","1,18%"
"24.10.2012","57.161","57.686","57.986","57.159","2,93M","-0,92%"
"23.10.2012","57.690","58.679","58.679","57.388","3,40M","-1,72%"
"22.10.2012","58.700","58.925","59.205","58.541","2,80M","-0,38%"
"19.10.2012","58.922","59.701","59.846","58.782","3,00M","-1,36%"
"18.10.2012","59.734","60.087","60.087","59.322","3,32M","-0,59%"
"17.10.2012","60.087","59.742","60.398","59.683","4,21M","0,57%"
"16.10.2012","59.744","59.602","60.412","59.484","3,25M","0,24%"
"15.10.2012","59.602","59.164","59.758","58.790","3,12M","0,74%"
"11.10.2012","59.162","58.460","59.360","58.460","2,82M","1,21%"
"10.10.2012","58.456","58.944","59.320","58.341","2,78M","-0,82%"
"09.10.2012","58.939","59.319","59.697","58.616","3,15M","-0,64%"
"08.10.2012","59.317","58.572","59.318","58.170","2,60M","1,27%"
"05.10.2012","58.572","58.460","59.441","58.414","3,24M","0,19%"
"04.10.2012","58.458","58.627","59.002","58.105","3,37M","-0,29%"
"03.10.2012","58.627","59.222","59.483","58.542","3,20M","-1,00%"
"02.10.2012","59.222","59.575","60.091","59.028","3,20M","-0,59%"
"01.10.2012","59.571","59.171","60.216","59.171","2,76M","0,67%"
"28.09.2012","59.176","60.240","60.240","58.864","3,69M","-1,77%"
"27.09.2012","60.240","60.483","60.889","59.876","3,81M","-0,39%"
"26.09.2012","60.478","60.506","60.506","59.725","3,14M","-0,04%"
"25.09.2012","60.501","61.913","61.947","60.357","3,87M","-2,28%"
"24.09.2012","61.910","61.319","61.932","61.075","3,33M","0,96%"
"21.09.2012","61.320","61.695","62.223","61.300","2,99M","-0,60%"
"20.09.2012","61.688","61.652","61.908","60.961","2,92M","0,06%"
"19.09.2012","61.652","61.806","62.514","61.519","3,39M","-0,25%"
"18.09.2012","61.804","61.806","62.132","61.447","3,20M","0,00%"
"17.09.2012","61.806","62.106","62.692","61.552","3,90M","-0,48%"
"14.09.2012","62.105","61.955","63.428","61.823","5,82M","0,24%"
"13.09.2012","61.958","59.921","62.117","59.629","5,97M","3,40%"
"12.09.2012","59.922","59.429","60.136","59.205","4,85M","0,84%"
"11.09.2012","59.423","58.405","59.515","58.404","3,85M","1,74%"
"10.09.2012","58.404","58.325","59.421","58.325","3,51M","0,14%"
"06.09.2012","58.321","56.868","58.328","56.868","3,62M","2,56%"
"05.09.2012","56.864","56.236","56.904","56.236","3,31M","1,12%"
"04.09.2012","56.234","57.272","57.272","56.203","3,24M","-1,83%"
"03.09.2012","57.281","57.065","57.457","56.954","2,32M","0,39%"
"31.08.2012","57.061","57.257","57.835","56.719","5,75M","-0,34%"
"30.08.2012","57.256","57.366","57.508","56.901","3,13M","-0,20%"
"29.08.2012","57.369","58.414","58.553","57.061","4,11M","-1,78%"
"28.08.2012","58.406","58.109","58.745","57.976","2,73M","0,51%"
"27.08.2012","58.111","58.424","58.462","57.853","2,34M","-0,54%"
"24.08.2012","58.426","58.511","58.750","57.833","3,21M","-0,15%"
"23.08.2012","58.512","59.382","59.382","58.145","3,34M","-1,46%"
"22.08.2012","59.381","58.918","59.585","58.443","3,71M","0,79%"
"21.08.2012","58.918","59.298","60.209","58.684","3,93M","-0,62%"
"20.08.2012","59.283","59.083","59.462","58.629","3,00M","0,34%"
"17.08.2012","59.082","59.443","59.822","58.944","2,95M","-0,61%"
"16.08.2012","59.446","58.190","59.544","58.190","3,48M","2,16%"
"15.08.2012","58.189","58.083","58.375","57.630","4,58M","0,18%"
"14.08.2012","58.083","59.123","59.605","57.904","3,53M","-1,76%"
"13.08.2012","59.123","59.281","59.543","58.601","2,54M","-0,27%"
"10.08.2012","59.281","58.774","59.365","58.128","3,08M","0,82%"
"09.08.2012","58.797","58.950","59.202","58.115","2,86M","-0,26%"
"08.08.2012","58.951","57.723","58.964","57.603","3,23M","2,12%"
"07.08.2012","57.726","58.343","59.316","57.679","3,45M","-1,06%"
"06.08.2012","58.345","57.255","58.996","56.893","3,61M","1,90%"
"03.08.2012","57.255","55.524","57.399","55.524","3,58M","3,12%"
"02.08.2012","55.520","56.289","56.289","55.239","2,84M","-1,37%"
"01.08.2012","56.292","56.091","56.735","55.425","1,32M","0,35%"
"31.07.2012","56.097","57.243","57.466","56.097","692,08K","-2,00%"
"30.07.2012","57.241","56.551","57.241","56.090","2,97M","1,22%"
"27.07.2012","56.553","54.024","57.046","54.024","4,67M","4,72%"
"26.07.2012","54.003","52.638","54.126","52.638","3,02M","2,65%"
"25.07.2012","52.608","52.658","53.233","52.346","2,22M","-0,06%"
"24.07.2012","52.639","53.038","53.416","52.399","2,76M","-0,75%"
"23.07.2012","53.034","54.183","54.183","52.213","2,81M","-2,14%"
"20.07.2012","54.195","55.337","55.337","54.138","2,86M","-2,08%"
"19.07.2012","55.347","54.588","55.491","54.588","2,88M","1,40%"
"18.07.2012","54.583","53.909","54.588","53.551","2,30M","1,25%"
"17.07.2012","53.909","53.403","54.037","53.119","2,52M","0,95%"
"16.07.2012","53.402","54.316","54.418","53.216","2,82M","-1,71%"
"13.07.2012","54.331","53.422","54.428","53.420","2,78M","1,70%"
"12.07.2012","53.421","53.564","53.616","52.489","3,05M","-0,28%"
"11.07.2012","53.569","53.708","54.135","53.233","2,97M","-0,25%"
"10.07.2012","53.706","55.392","55.588","53.668","3,47M","-3,05%"
"06.07.2012","55.394","56.376","56.376","54.967","2,70M","-1,75%"
"05.07.2012","56.379","56.083","56.943","55.828","3,13M","0,54%"
"04.07.2012","56.077","55.780","56.322","55.485","1,72M","0,53%"
"03.07.2012","55.780","54.704","56.228","54.704","4,06M","1,99%"
"02.07.2012","54.693","54.355","54.754","53.961","2,87M","0,62%"
"29.06.2012","54.355","52.656","54.355","52.656","3,74M","3,23%"
"28.06.2012","52.652","53.107","53.306","52.271","3,53M","-0,86%"
"27.06.2012","53.109","53.837","54.006","53.084","3,83M","-1,35%"
"26.06.2012","53.837","53.806","54.193","53.398","2,71M","0,06%"
"25.06.2012","53.805","55.406","55.406","53.694","2,16M","-2,95%"
"22.06.2012","55.440","55.518","56.019","55.083","2,48M","-0,12%"
"21.06.2012","55.505","57.162","57.218","55.505","2,60M","-2,91%"
"20.06.2012","57.167","57.196","57.611","56.529","3,20M","-0,05%"
"19.06.2012","57.195","56.210","57.567","56.210","3,66M","1,78%"
"18.06.2012","56.195","56.066","56.579","55.486","2,96M","0,16%"
"15.06.2012","56.105","55.349","56.105","55.203","3,90M","1,36%"
"14.06.2012","55.352","55.641","55.769","54.952","3,30M","-0,54%"
"13.06.2012","55.651","55.041","55.989","54.523","4,19M","1,09%"
"12.06.2012","55.049","54.001","55.049","53.906","3,89M","1,94%"
"11.06.2012","54.001","54.434","55.401","53.905","2,74M","-0,79%"
"08.06.2012","54.430","54.150","54.432","53.685","2,63M","0,51%"
"06.06.2012","54.156","52.486","54.195","52.486","3,54M","3,19%"
"05.06.2012","52.481","53.413","53.917","52.481","2,53M","-1,75%"
"04.06.2012","53.417","53.408","53.960","53.367","2,36M","0,03%"
"01.06.2012","53.403","54.488","54.488","53.087","2,99M","-2,00%"
"31.05.2012","54.490","53.805","54.509","53.090","4,83M","1,29%"
"30.05.2012","53.798","54.632","54.632","53.382","3,30M","-1,53%"
"29.05.2012","54.633","55.214","55.763","54.554","3,05M","-1,05%"
"28.05.2012","55.213","54.467","55.609","54.467","1,86M","1,38%"
"25.05.2012","54.463","54.062","54.970","53.847","2,99M","0,74%"
"24.05.2012","54.063","54.620","54.820","53.176","4,01M","-1,02%"
"23.05.2012","54.619","55.039","55.052","53.028","4,33M","-0,76%"
"22.05.2012","55.039","56.586","56.586","54.886","3,67M","-2,74%"
"21.05.2012","56.590","54.516","56.678","54.516","3,57M","3,81%"
"18.05.2012","54.513","54.032","54.914","53.856","4,31M","0,88%"
"17.05.2012","54.038","55.886","56.296","54.038","3,71M","-3,31%"
"16.05.2012","55.888","56.245","57.693","55.415","4,33M","-0,62%"
"15.05.2012","56.238","57.540","58.024","56.145","4,19M","-2,26%"
"14.05.2012","57.540","59.443","59.443","57.539","3,05M","-3,21%"
"11.05.2012","59.445","59.703","60.340","59.138","2,53M","-0,43%"
"10.05.2012","59.702","59.796","60.752","59.637","2,70M","-0,14%"
"09.05.2012","59.786","60.346","60.346","59.199","3,26M","-0,96%"
"08.05.2012","60.365","61.218","61.218","59.871","3,09M","-1,40%"
"07.05.2012","61.220","60.802","61.299","60.391","3,37M","0,66%"
"04.05.2012","60.821","62.104","62.167","60.438","4,96M","-2,07%"
"03.05.2012","62.104","62.427","62.783","61.731","3,04M","-0,51%"
"02.05.2012","62.424","61.820","62.502","61.594","2,96M","0,98%"
"30.04.2012","61.820","61.691","61.900","61.231","1,96M","0,21%"
"27.04.2012","61.691","62.203","62.486","61.667","2,55M","-0,81%"
"26.04.2012","62.198","61.750","62.282","61.033","3,13M","0,72%"
"25.04.2012","61.750","61.989","62.441","61.328","3,31M","-0,36%"
"24.04.2012","61.971","61.537","62.001","61.380","2,38M","0,70%"
"23.04.2012","61.539","62.494","62.494","60.897","2,53M","-1,53%"
"20.04.2012","62.494","62.620","63.369","62.431","2,29M","-0,20%"
"19.04.2012","62.618","63.007","63.274","62.478","2,36M","-0,62%"
"18.04.2012","63.010","62.696","63.243","62.429","4,05M","0,50%"
"17.04.2012","62.699","61.959","62.961","61.959","2,70M","1,20%"
"16.04.2012","61.955","62.120","62.688","61.465","2,32M","-0,24%"
"13.04.2012","62.106","63.039","63.039","61.778","2,96M","-1,51%"
"12.04.2012","63.058","61.300","63.061","61.300","3,12M","2,88%"
"11.04.2012","61.293","61.741","62.356","61.291","2,95M","-0,72%"
"10.04.2012","61.738","62.922","62.922","61.344","3,09M","-1,88%"
"09.04.2012","62.923","63.690","63.690","62.462","1,79M","-1,21%"
"05.04.2012","63.691","63.518","64.299","63.384","2,29M","0,26%"
"04.04.2012","63.529","64.301","64.301","63.450","2,74M","-1,18%"
"03.04.2012","64.284","65.218","65.530","64.015","2,77M","-1,43%"
"02.04.2012","65.216","64.515","65.593","64.199","2,97M","1,09%"
"30.03.2012","64.511","64.875","65.363","64.245","3,16M","-0,56%"
"29.03.2012","64.872","65.074","65.074","64.096","2,90M","-0,32%"
"28.03.2012","65.079","66.032","66.032","64.819","2,88M","-1,45%"
"27.03.2012","66.037","66.683","66.968","65.925","2,72M","-0,97%"
"26.03.2012","66.685","65.818","66.776","65.818","2,01M","1,32%"
"23.03.2012","65.813","65.831","66.253","65.576","2,52M","-0,02%"
"22.03.2012","65.828","66.860","66.860","65.534","2,68M","-1,54%"
"21.03.2012","66.860","67.297","67.436","66.762","1,98M","-0,65%"
"20.03.2012","67.296","67.725","67.725","66.704","2,07M","-0,64%"
"19.03.2012","67.730","67.685","68.159","67.547","2,14M","0,07%"
"16.03.2012","67.684","67.749","68.153","67.505","2,41M","-0,10%"
"15.03.2012","67.749","68.259","68.259","67.458","2,30M","-0,74%"
"14.03.2012","68.257","68.386","68.970","67.797","2,73M","-0,20%"
"13.03.2012","68.394","66.386","68.420","66.386","3,17M","3,03%"
"12.03.2012","66.385","66.687","66.687","65.965","2,15M","-0,48%"
"09.03.2012","66.704","66.908","67.419","66.679","2,25M","-0,31%"
"08.03.2012","66.908","66.032","67.272","66.032","2,89M","1,35%"
"07.03.2012","66.017","65.123","66.053","65.123","2,68M","1,39%"
"06.03.2012","65.114","66.962","66.962","64.892","2,74M","-2,76%"
"05.03.2012","66.964","67.782","67.782","66.756","2,32M","-1,21%"
"02.03.2012","67.782","66.810","67.791","66.810","2,56M","1,45%"
"01.03.2012","66.810","65.812","66.931","65.812","2,33M","1,52%"
"29.02.2012","65.812","65.970","66.662","65.533","3,35M","-0,22%"
"28.02.2012","65.959","65.245","66.152","65.240","2,72M","1,10%"
"27.02.2012","65.241","65.938","65.954","65.068","2,23M","-1,06%"
"24.02.2012","65.943","65.820","66.335","65.820","2,12M","0,19%"
"23.02.2012","65.820","66.084","66.329","65.590","2,32M","-0,41%"
"22.02.2012","66.093","66.205","66.291","65.851","1,79M","-0,17%"
"17.02.2012","66.204","66.158","66.562","65.823","2,35M","0,09%"
"16.02.2012","66.142","65.364","66.161","64.798","3,07M","1,18%"
"15.02.2012","65.368","65.041","66.004","65.041","3,83M","0,51%"
"14.02.2012","65.039","65.699","65.855","64.826","2,74M","-0,99%"
"13.02.2012","65.692","63.999","65.713","63.999","2,62M","2,65%"
"10.02.2012","63.998","65.525","65.525","63.880","3,50M","-2,34%"
"09.02.2012","65.530","65.831","66.324","65.189","2,69M","-0,46%"
"08.02.2012","65.831","65.918","66.383","65.647","2,89M","-0,13%"
"07.02.2012","65.917","65.213","65.944","64.801","2,72M","1,06%"
"06.02.2012","65.224","65.217","65.229","64.743","1,92M","0,01%"
"03.02.2012","65.217","64.589","65.619","64.137","3,06M","0,97%"
"02.02.2012","64.593","64.569","64.855","64.224","3,11M","0,04%"
"01.02.2012","64.567","63.085","64.567","63.085","3,90M","2,37%"
"31.01.2012","63.072","62.772","63.394","62.664","3,44M","0,48%"
"30.01.2012","62.770","62.902","62.902","61.989","2,20M","-0,21%"
"27.01.2012","62.904","62.955","63.263","62.769","2,22M","-0,08%"
"26.01.2012","62.953","62.486","63.805","62.485","3,17M","0,75%"
"24.01.2012","62.486","62.386","62.536","61.667","2,73M","0,16%"
"23.01.2012","62.386","62.312","62.693","61.908","2,38M","0,12%"
"20.01.2012","62.312","61.932","62.312","61.593","2,25M","0,62%"
"19.01.2012","61.927","61.726","62.181","61.566","2,84M","0,33%"
"18.01.2012","61.723","60.643","61.723","60.610","2,76M","1,78%"
"17.01.2012","60.646","59.961","60.891","59.961","2,52M","1,15%"
"16.01.2012","59.956","59.146","59.982","59.146","1,70M","1,37%"
"13.01.2012","59.147","59.918","59.918","58.874","5,62M","-1,29%"
"12.01.2012","59.921","59.966","60.504","59.586","2,15M","-0,07%"
"11.01.2012","59.962","59.799","60.094","59.423","2,25M","0,26%"
"10.01.2012","59.806","59.090","60.112","59.090","2,69M","1,22%"
"09.01.2012","59.083","58.601","59.220","58.599","2,24M","0,82%"
"06.01.2012","58.600","58.565","59.261","58.355","1,66M","0,09%"
"05.01.2012","58.546","59.354","59.354","57.963","2,35M","-1,38%"
"04.01.2012","59.365","59.263","59.519","58.558","2,25M","0,17%"
"03.01.2012","59.265","57.836","59.288","57.836","3,08M","2,48%"
"02.01.2012","57.829","56.755","57.993","56.649","2,61M","1,89%"
"29.12.2011","56.754","56.534","56.945","56.313","2,78M","0,39%"
"28.12.2011","56.534","58.006","58.010","56.447","1,61M","-2,54%"
"27.12.2011","58.005","57.666","58.111","57.611","1,62M","0,58%"
"26.12.2011","57.669","57.702","57.856","57.669","592,75K","-0,05%"
"23.12.2011","57.701","57.348","57.792","57.348","1,77M","0,62%"
"22.12.2011","57.348","56.656","57.459","56.557","2,29M","1,23%"
"21.12.2011","56.653","56.865","56.865","56.046","2,26M","-0,37%"
"20.12.2011","56.865","55.301","56.865","55.301","3,23M","2,83%"
"19.12.2011","55.298","56.100","56.376","55.298","2,83M","-1,42%"
"16.12.2011","56.097","56.334","56.823","56.087","2,44M","-0,42%"
"15.12.2011","56.331","56.647","57.332","56.232","2,61M","-0,56%"
"14.12.2011","56.647","57.495","57.495","56.647","4,14M","-1,47%"
"13.12.2011","57.495","57.355","58.153","57.333","2,90M","0,26%"
"12.12.2011","57.347","58.235","58.235","56.839","2,50M","-1,53%"
"09.12.2011","58.236","57.455","58.540","57.455","1,95M","1,36%"
"08.12.2011","57.455","58.664","59.217","57.260","2,72M","-2,06%"
"07.12.2011","58.663","59.534","59.535","58.581","2,17M","-1,47%"
"06.12.2011","59.536","58.910","59.576","58.497","2,18M","1,06%"
"05.12.2011","58.910","57.894","59.245","57.894","2,54M","1,77%"
"02.12.2011","57.886","58.147","58.980","57.618","2,99M","-0,44%"
"01.12.2011","58.143","56.876","58.302","56.876","3,30M","2,23%"
"30.11.2011","56.875","55.307","57.592","55.307","4,89M","2,85%"
"29.11.2011","55.300","56.028","56.364","55.300","2,82M","-1,28%"
"28.11.2011","56.017","54.899","56.444","54.899","2,27M","2,05%"
"25.11.2011","54.894","55.271","55.610","54.742","1,81M","-0,70%"
"24.11.2011","55.280","54.978","55.519","54.537","1,41M","0,56%"
"23.11.2011","54.972","55.879","55.879","54.813","2,43M","-1,62%"
"22.11.2011","55.878","56.290","56.570","55.609","2,68M","-0,72%"
"21.11.2011","56.285","56.722","56.722","55.505","2,89M","-0,79%"
"18.11.2011","56.731","56.989","57.477","56.418","2,30M","-0,45%"
"17.11.2011","56.989","58.550","58.555","56.663","3,05M","-2,68%"
"16.11.2011","58.560","58.256","58.877","57.784","2,70M","0,52%"
"14.11.2011","58.258","58.539","58.717","58.013","1,79M","-0,49%"
"11.11.2011","58.547","57.325","58.747","57.325","2,14M","2,14%"
"10.11.2011","57.322","57.561","58.314","57.294","1,96M","-0,40%"
"09.11.2011","57.550","59.011","59.011","57.201","2,62M","-2,50%"
"08.11.2011","59.026","59.205","59.616","58.505","1,93M","-0,29%"
"07.11.2011","59.199","58.670","59.440","58.645","1,87M","0,90%"
"04.11.2011","58.670","58.186","58.804","57.547","1,95M","0,81%"
"03.11.2011","58.196","57.327","58.481","57.327","2,45M","1,52%"
"01.11.2011","57.323","58.300","58.300","56.099","2,83M","-1,74%"
"31.10.2011","58.338","59.513","59.513","58.094","2,26M","-1,97%"
"28.10.2011","59.513","59.270","59.668","58.760","2,39M","0,41%"
"27.10.2011","59.270","57.146","59.901","57.146","3,67M","3,72%"
"26.10.2011","57.144","56.306","57.334","56.249","2,17M","1,52%"
"25.10.2011","56.286","56.885","56.885","55.770","2,26M","-1,07%"
"24.10.2011","56.892","55.259","57.226","55.259","2,66M","2,96%"
"21.10.2011","55.255","54.014","55.504","54.014","2,15M","2,31%"
"20.10.2011","54.010","54.953","54.953","53.610","2,28M","-1,74%"
"19.10.2011","54.966","55.037","55.244","54.483","2,43M","-0,12%"
"18.10.2011","55.032","53.915","55.225","53.188","2,54M","2,08%"
"17.10.2011","53.911","55.021","55.021","53.536","2,37M","-2,03%"
"14.10.2011","55.030","54.603","55.179","54.447","2,32M","0,79%"
"13.10.2011","54.601","53.836","54.751","53.308","3,57M","1,42%"
"11.10.2011","53.838","53.271","54.113","52.820","2,85M","1,06%"
"10.10.2011","53.273","51.244","53.294","51.244","2,18M","3,96%"
"07.10.2011","51.244","52.290","52.891","50.902","2,63M","-2,00%"
"06.10.2011","52.290","51.016","52.729","51.016","3,15M","2,50%"
"05.10.2011","51.014","50.683","51.199","50.209","2,83M","0,65%"
"04.10.2011","50.686","50.790","50.790","49.433","4,04M","-0,21%"
"03.10.2011","50.792","52.319","52.319","50.792","3,11M","-2,93%"
"30.09.2011","52.324","53.385","53.385","51.897","3,07M","-1,99%"
"29.09.2011","53.385","53.276","54.207","52.849","2,30M","0,21%"
"28.09.2011","53.270","53.921","54.796","53.258","2,34M","-1,21%"
"27.09.2011","53.920","53.751","54.992","53.751","2,45M","0,32%"
"26.09.2011","53.748","53.243","53.873","52.399","2,14M","0,97%"
"23.09.2011","53.230","53.273","53.855","52.754","2,69M","-0,09%"
"22.09.2011","53.280","55.981","55.981","52.706","3,60M","-4,83%"
"21.09.2011","55.982","56.381","57.600","55.915","2,78M","-0,70%"
"20.09.2011","56.379","57.105","57.620","56.379","2,68M","-1,27%"
"19.09.2011","57.103","57.208","57.208","56.060","2,33M","-0,19%"
"16.09.2011","57.210","56.381","57.210","56.257","1,97M","1,47%"
"15.09.2011","56.381","56.287","57.161","56.196","2,14M","0,17%"
"14.09.2011","56.286","55.544","56.776","55.090","2,84M","1,34%"
"13.09.2011","55.544","55.690","56.336","55.166","2,10M","-0,25%"
"12.09.2011","55.685","55.773","55.792","54.310","2,38M","-0,17%"
"09.09.2011","55.778","57.614","57.614","55.528","2,48M","-3,20%"
"08.09.2011","57.624","56.609","58.242","56.609","2,76M","1,80%"
"06.09.2011","56.607","54.998","56.676","54.121","2,85M","2,93%"
"05.09.2011","54.998","56.521","56.521","54.818","1,61M","-2,71%"
"02.09.2011","56.532","58.114","58.114","56.302","4,01M","-2,73%"
"01.09.2011","58.118","56.498","58.589","56.498","4,01M","2,87%"
"31.08.2011","56.495","55.399","56.495","55.399","2,94M","2,00%"
"30.08.2011","55.385","54.861","55.768","54.425","2,34M","0,96%"
"29.08.2011","54.861","53.356","55.027","53.356","2,29M","2,83%"
"26.08.2011","53.351","52.955","53.598","51.971","2,22M","0,75%"
"25.08.2011","52.953","53.796","54.155","52.677","2,38M","-1,57%"
"24.08.2011","53.796","53.787","54.279","52.993","2,49M","0,02%"
"23.08.2011","53.787","52.440","53.787","51.853","2,68M","2,57%"
"22.08.2011","52.440","52.472","53.552","52.397","2,14M","-0,01%"
"19.08.2011","52.448","53.135","53.601","52.336","2,58M","-1,29%"
"18.08.2011","53.134","55.037","55.037","52.246","3,12M","-3,52%"
"17.08.2011","55.073","54.324","55.073","53.828","3,16M","1,38%"
"16.08.2011","54.324","54.651","54.651","53.539","2,46M","-0,60%"
"15.08.2011","54.652","53.478","54.968","53.474","2,54M","2,20%"
"12.08.2011","53.473","53.344","53.643","52.650","3,27M","0,24%"
"11.08.2011","53.343","51.398","53.724","51.398","4,07M","3,79%"
"10.08.2011","51.395","51.151","52.164","49.947","4,36M","0,48%"
"09.08.2011","51.151","48.671","51.151","48.666","5,27M","5,10%"
"08.08.2011","48.668","52.938","52.938","47.793","4,89M","-8,08%"
"05.08.2011","52.949","52.811","53.866","51.153","4,32M","0,26%"
"04.08.2011","52.811","55.999","55.999","52.629","4,46M","-5,72%"
"03.08.2011","56.017","57.318","57.352","55.249","3,49M","-2,26%"
"02.08.2011","57.311","58.526","58.673","57.259","2,70M","-2,09%"
"01.08.2011","58.536","58.823","59.542","58.168","2,11M","-0,49%"
"29.07.2011","58.823","58.703","58.952","58.009","2,37M","0,20%"
"28.07.2011","58.708","58.297","59.167","58.290","2,23M","0,72%"
"27.07.2011","58.288","59.336","59.336","58.169","2,62M","-1,77%"
"26.07.2011","59.340","59.972","60.204","59.261","2,17M","-1,05%"
"25.07.2011","59.971","60.264","60.285","59.640","1,77M","-0,50%"
"22.07.2011","60.270","60.263","60.696","60.077","1,81M","0,01%"
"21.07.2011","60.263","59.120","60.441","59.120","2,16M","1,93%"
"20.07.2011","59.120","59.094","59.552","59.045","1,95M","0,06%"
"19.07.2011","59.082","58.838","59.394","58.677","1,89M","0,42%"
"18.07.2011","58.838","59.479","59.479","58.631","1,96M","-1,08%"
"15.07.2011","59.478","59.679","60.104","59.180","1,96M","-0,34%"
"14.07.2011","59.679","60.673","60.685","59.452","2,36M","-1,63%"
"13.07.2011","60.670","59.718","60.847","59.718","2,28M","1,62%"
"12.07.2011","59.705","60.220","60.516","59.705","1,95M","-0,86%"
"11.07.2011","60.224","61.502","61.502","60.098","1,77M","-2,10%"
"08.07.2011","61.513","62.207","62.207","61.366","1,67M","-1,12%"
"07.07.2011","62.207","62.573","63.206","62.207","1,87M","-0,57%"
"06.07.2011","62.565","63.039","63.039","62.391","1,61M","-0,75%"
"05.07.2011","63.039","63.886","63.886","63.030","1,94M","-1,33%"
"04.07.2011","63.891","63.397","63.891","63.314","1,00M","0,78%"
"01.07.2011","63.394","62.404","63.455","62.148","2,38M","1,59%"
"30.06.2011","62.404","62.337","62.574","61.959","1,81M","0,11%"
"29.06.2011","62.334","62.303","62.625","62.033","1,87M","0,05%"
"28.06.2011","62.303","61.216","62.309","61.216","1,80M","1,77%"
"27.06.2011","61.217","61.017","61.456","60.772","1,63M","0,33%"
"24.06.2011","61.017","61.192","61.459","60.921","1,45M","-0,29%"
"22.06.2011","61.194","61.420","61.859","61.194","1,86M","-0,37%"
"21.06.2011","61.424","61.188","61.543","61.179","1,70M","0,42%"
"20.06.2011","61.168","61.059","61.571","60.784","2,02M","0,18%"
"17.06.2011","61.060","60.883","61.268","60.566","1,97M","0,29%"
"16.06.2011","60.881","61.602","62.040","60.489","1,99M","-1,17%"
"15.06.2011","61.604","62.198","62.198","61.448","2,67M","-0,97%"
"14.06.2011","62.205","62.023","62.697","62.023","1,76M","0,29%"
"13.06.2011","62.023","62.701","62.968","62.022","1,40M","-1,08%"
"10.06.2011","62.697","63.470","63.478","62.495","1,69M","-1,22%"
"09.06.2011","63.469","63.037","63.773","62.872","1,95M","0,69%"
"08.06.2011","63.033","63.204","63.354","62.709","1,81M","-0,29%"
"07.06.2011","63.218","63.072","63.784","63.072","2,09M","0,24%"
"06.06.2011","63.068","64.341","64.512","62.960","1,82M","-1,98%"
"03.06.2011","64.341","64.216","64.979","63.628","2,16M","0,19%"
"02.06.2011","64.218","63.411","64.218","63.277","2,14M","1,27%"
"01.06.2011","63.411","64.616","64.674","63.401","2,16M","-1,87%"
"31.05.2011","64.620","63.961","64.620","63.932","2,43M","1,04%"
"30.05.2011","63.954","64.295","64.460","63.915","629,04K","-0,53%"
"27.05.2011","64.295","64.101","64.548","64.092","1,67M","0,31%"
"26.05.2011","64.099","63.389","64.121","63.232","2,40M","1,12%"
"25.05.2011","63.388","63.329","63.857","63.025","1,92M","0,08%"
"24.05.2011","63.337","62.350","63.415","62.350","2,01M","1,59%"
"23.05.2011","62.345","62.597","62.597","61.659","1,77M","-0,40%"
"20.05.2011","62.597","62.370","63.043","62.086","2,09M","0,37%"
"19.05.2011","62.367","62.844","63.607","62.225","2,29M","-0,75%"
"18.05.2011","62.841","63.675","64.015","62.830","2,49M","-1,31%"
"17.05.2011","63.673","62.830","63.680","62.414","2,21M","1,34%"
"16.05.2011","62.830","63.233","63.829","62.676","2,46M","-0,64%"
"13.05.2011","63.235","64.003","64.165","63.063","2,67M","-1,20%"
"12.05.2011","64.003","63.772","64.329","63.125","2,49M","0,36%"
"11.05.2011","63.776","64.877","64.877","63.622","2,46M","-1,70%"
"10.05.2011","64.877","64.622","65.143","64.619","1,98M","0,39%"
"09.05.2011","64.622","64.416","64.782","64.150","1,88M","0,32%"
"06.05.2011","64.417","63.422","64.704","63.422","2,69M","1,59%"
"05.05.2011","63.407","63.609","64.268","62.973","2,81M","-0,33%"
"04.05.2011","63.616","64.320","64.807","63.548","2,49M","-1,09%"
"03.05.2011","64.318","65.458","65.468","64.244","2,24M","-1,75%"
"02.05.2011","65.463","66.119","66.500","65.346","2,31M","-1,01%"
"29.04.2011","66.133","65.664","66.294","65.461","2,65M","0,70%"
"28.04.2011","65.673","66.249","66.249","65.105","3,09M","-0,89%"
"27.04.2011","66.264","67.143","67.228","65.885","2,15M","-1,31%"
"26.04.2011","67.144","66.972","67.413","66.722","1,73M","0,26%"
"25.04.2011","66.972","67.058","67.124","66.552","1,39M","-0,13%"
"20.04.2011","67.058","66.165","67.077","66.165","2,40M","1,36%"
"19.04.2011","66.158","65.417","66.257","65.417","2,21M","1,14%"
"18.04.2011","65.415","66.689","66.706","65.158","3,06M","-1,90%"
"15.04.2011","66.684","66.281","66.765","65.832","2,15M","0,61%"
"14.04.2011","66.279","66.483","67.042","66.090","2,26M","-0,31%"
"13.04.2011","66.486","66.909","67.411","66.251","2,52M","-0,61%"
"12.04.2011","66.896","68.153","68.153","66.721","2,53M","-1,86%"
"11.04.2011","68.164","68.719","69.177","68.029","2,17M","-0,81%"
"08.04.2011","68.718","69.180","69.430","68.472","2,11M","-0,66%"
"07.04.2011","69.176","69.040","69.334","68.695","2,22M","0,20%"
"06.04.2011","69.037","69.841","70.108","68.954","2,11M","-1,15%"
"05.04.2011","69.838","69.704","70.047","69.465","2,48M","0,19%"
"04.04.2011","69.704","69.270","69.787","69.270","1,92M","0,63%"
"01.04.2011","69.268","68.588","69.387","68.588","2,40M","0,99%"
"31.03.2011","68.587","68.000","68.606","68.000","2,12M","0,87%"
"30.03.2011","67.997","67.423","68.004","67.423","1,86M","0,86%"
"29.03.2011","67.419","67.194","67.862","67.046","1,77M","0,34%"
"28.03.2011","67.193","67.767","68.070","67.193","1,44M","-0,85%"
"25.03.2011","67.766","67.528","68.256","67.497","2,22M","0,34%"
"24.03.2011","67.533","67.799","68.009","67.406","1,82M","-0,39%"
"23.03.2011","67.796","67.570","67.918","67.317","2,15M","0,32%"
"22.03.2011","67.578","66.684","67.631","66.531","2,36M","1,33%"
"21.03.2011","66.690","66.887","67.676","66.656","2,56M","-0,28%"
"18.03.2011","66.880","66.217","67.384","66.217","2,84M","1,00%"
"17.03.2011","66.216","66.017","66.950","66.015","1,98M","0,32%"
"16.03.2011","66.003","67.011","67.502","65.663","3,06M","-1,50%"
"15.03.2011","67.005","67.168","67.168","65.463","2,85M","-0,24%"
"14.03.2011","67.169","66.684","67.333","66.088","1,87M","0,73%"
"11.03.2011","66.685","66.041","67.014","65.559","2,49M","0,98%"
"10.03.2011","66.041","67.256","67.256","65.854","2,38M","-1,82%"
"09.03.2011","67.264","68.010","68.057","67.109","1,41M","-1,10%"
"04.03.2011","68.012","68.138","68.220","67.514","1,84M","-0,20%"
"03.03.2011","68.146","67.284","68.188","67.284","2,25M","1,28%"
"02.03.2011","67.282","66.242","67.282","66.101","2,52M","1,57%"
"01.03.2011","66.243","67.381","67.708","66.243","2,17M","-1,69%"
"28.02.2011","67.383","66.909","67.458","66.687","2,64M","0,72%"
"25.02.2011","66.903","66.952","67.632","66.331","2,39M","-0,07%"
"24.02.2011","66.949","66.909","67.344","66.693","2,70M","0,06%"
"23.02.2011","66.910","66.440","67.266","66.049","3,33M","0,71%"
"22.02.2011","66.440","67.255","67.570","66.342","3,05M","-1,22%"
"21.02.2011","67.259","68.067","68.067","67.085","1,45M","-1,19%"
"18.02.2011","68.067","67.685","68.226","67.386","1,94M","0,56%"
"17.02.2011","67.685","67.580","67.876","67.107","2,15M","0,16%"
"16.02.2011","67.576","66.342","67.793","66.342","2,67M","1,86%"
"15.02.2011","66.341","66.558","66.861","66.117","2,36M","-0,32%"
"14.02.2011","66.558","65.751","66.743","65.462","1,95M","1,22%"
"11.02.2011","65.756","64.582","65.890","64.562","2,40M","1,82%"
"10.02.2011","64.578","64.217","65.106","64.185","2,36M","0,56%"
"09.02.2011","64.218","65.767","65.767","64.016","2,81M","-2,36%"
"08.02.2011","65.771","65.359","66.238","65.110","2,76M","0,63%"
"07.02.2011","65.362","65.272","65.893","64.916","1,98M","0,14%"
"04.02.2011","65.269","66.752","66.946","65.160","2,68M","-2,24%"
"03.02.2011","66.765","66.688","66.849","66.091","2,38M","0,11%"
"02.02.2011","66.688","67.844","68.012","66.643","2,55M","-1,71%"
"01.02.2011","67.847","66.575","67.922","66.575","2,11M","1,91%"
"31.01.2011","66.575","66.697","67.166","66.271","2,25M","-0,18%"
"28.01.2011","66.698","68.051","68.182","65.898","2,54M","-1,99%"
"27.01.2011","68.051","68.717","69.108","67.775","2,30M","-0,96%"
"26.01.2011","68.709","69.427","69.556","68.515","2,54M","-1,03%"
"24.01.2011","69.427","69.134","69.513","68.786","1,47M","0,42%"
"21.01.2011","69.133","69.560","70.027","69.095","2,07M","-0,62%"
"20.01.2011","69.562","70.056","70.083","69.177","2,17M","-0,71%"
"19.01.2011","70.058","70.921","71.190","69.966","1,88M","-1,21%"
"18.01.2011","70.920","70.612","71.094","70.612","1,88M","0,44%"
"17.01.2011","70.609","70.940","70.940","70.544","1,54M","-0,47%"
"14.01.2011","70.940","70.723","71.184","70.397","1,81M","0,31%"
"13.01.2011","70.721","71.631","71.924","70.719","2,24M","-1,27%"
"12.01.2011","71.633","70.429","71.633","70.429","2,52M","1,72%"
"11.01.2011","70.423","70.146","70.647","70.145","2,14M","0,42%"
"10.01.2011","70.127","70.056","70.133","69.666","1,61M","0,10%"
"07.01.2011","70.057","70.580","70.783","69.718","1,76M","-0,74%"
"06.01.2011","70.579","71.093","71.167","70.469","2,55M","-0,72%"
"05.01.2011","71.091","70.311","71.173","69.802","2,31M","1,10%"
"04.01.2011","70.318","69.962","70.318","69.560","2,43M","0,51%"
"03.01.2011","69.962","69.310","70.471","69.305","1,86M","0,95%"
"30.12.2010","69.305","68.953","69.527","68.940","2,10M","0,51%"
"29.12.2010","68.952","68.043","69.040","68.043","1,31M","1,34%"
"28.12.2010","68.041","67.810","68.104","67.810","1,40M","0,35%"
"27.12.2010","67.803","68.476","68.476","67.803","1,04M","-1,00%"
"23.12.2010","68.486","68.470","68.562","68.250","1,23M","0,02%"
"22.12.2010","68.471","68.218","68.472","67.727","1,66M","0,38%"
"21.12.2010","68.215","67.261","68.461","67.261","1,90M","1,41%"
"20.12.2010","67.264","67.979","68.196","67.264","2,35M","-1,06%"
"17.12.2010","67.981","67.304","67.981","66.948","1,98M","1,00%"
"16.12.2010","67.306","67.875","68.377","67.138","2,40M","-0,83%"
"15.12.2010","67.870","68.741","68.741","67.711","1,35M","-1,27%"
"14.12.2010","68.743","69.127","69.127","68.531","1,88M","-0,55%"
"13.12.2010","69.126","68.342","69.221","68.342","2,46M","1,15%"
"10.12.2010","68.342","67.889","68.514","67.866","2,81M","0,68%"
"09.12.2010","67.879","68.173","68.561","67.563","2,45M","-0,43%"
"08.12.2010","68.175","69.338","69.354","68.046","2,67M","-1,68%"
"07.12.2010","69.338","69.563","70.589","69.338","2,59M","-0,31%"
"06.12.2010","69.552","69.759","69.932","69.378","1,89M","-0,31%"
"03.12.2010","69.766","69.529","69.963","68.943","2,83M","0,34%"
"02.12.2010","69.527","69.341","69.943","69.219","2,11M","0,26%"
"01.12.2010","69.346","67.731","69.605","67.731","2,09M","2,42%"
"30.11.2010","67.705","67.901","68.476","67.271","2,16M","-0,30%"
"29.11.2010","67.908","68.218","68.422","67.103","1,78M","-0,47%"
"26.11.2010","68.226","69.349","69.349","68.219","1,56M","-1,64%"
"25.11.2010","69.362","69.634","69.780","69.362","981,63K","-0,38%"
"24.11.2010","69.629","67.955","69.746","67.955","1,99M","2,47%"
"23.11.2010","67.953","69.629","69.629","67.728","2,08M","-2,41%"
"22.11.2010","69.633","70.898","70.898","69.202","1,74M","-1,78%"
"19.11.2010","70.898","70.774","70.898","70.236","1,51M","0,16%"
"18.11.2010","70.781","69.716","70.904","69.716","1,88M","1,54%"
"17.11.2010","69.709","69.189","70.080","69.187","1,99M","0,75%"
"16.11.2010","69.192","70.364","70.364","68.662","2,24M","-1,67%"
"12.11.2010","70.367","71.191","71.191","70.004","1,19M","-1,16%"
"11.11.2010","71.195","71.639","71.639","70.941","1,35M","-0,62%"
"10.11.2010","71.638","71.674","71.854","70.868","1,49M","-0,06%"
"09.11.2010","71.679","72.654","73.045","71.651","1,51M","-1,35%"
"08.11.2010","72.657","72.607","72.875","72.336","1,08M","0,07%"
"05.11.2010","72.607","72.987","72.987","72.534","1,73M","-0,53%"
"04.11.2010","72.996","71.910","73.103","71.910","2,18M","1,52%"
"03.11.2010","71.905","71.560","72.110","71.510","2,15M","0,48%"
"01.11.2010","71.561","70.686","71.751","70.673","1,56M","1,26%"
"29.10.2010","70.673","70.322","70.776","70.322","2,21M","0,50%"
"28.10.2010","70.320","70.573","71.263","70.234","2,23M","-0,35%"
"27.10.2010","70.569","70.735","70.844","70.059","2,20M","-0,24%"
"26.10.2010","70.740","69.582","70.834","69.055","2,58M","1,67%"
"25.10.2010","69.580","69.536","70.231","69.451","3,84M","0,07%"
"22.10.2010","69.530","69.658","70.312","68.847","2,42M","-0,18%"
"21.10.2010","69.652","70.406","70.958","68.952","2,59M","-1,07%"
"20.10.2010","70.405","69.863","70.720","69.814","2,41M","0,77%"
"19.10.2010","69.864","71.735","71.735","69.628","2,50M","-2,61%"
"18.10.2010","71.736","71.830","71.884","71.341","2,11M","-0,13%"
"15.10.2010","71.830","71.699","72.140","71.351","2,02M","0,19%"
"14.10.2010","71.692","71.676","71.961","71.264","2,63M","0,02%"
"13.10.2010","71.675","70.950","71.995","70.950","2,98M","1,03%"
"11.10.2010","70.946","70.810","71.111","70.810","1,17M","0,19%"
"08.10.2010","70.809","69.921","70.828","69.698","2,14M","1,27%"
"07.10.2010","69.918","70.545","70.739","69.314","2,59M","-0,88%"
"06.10.2010","70.541","71.284","71.290","70.343","2,78M","-1,04%"
"05.10.2010","71.283","70.390","71.285","70.390","2,71M","1,28%"
"04.10.2010","70.385","70.230","70.551","70.089","1,88M","0,22%"
"01.10.2010","70.229","69.438","70.243","69.228","2,45M","1,15%"
"30.09.2010","69.430","69.230","69.737","68.924","2,47M","0,29%"
"29.09.2010","69.228","69.225","69.420","68.958","3,07M","0,00%"
"28.09.2010","69.228","68.817","69.431","68.455","1,85M","0,60%"
"27.09.2010","68.816","68.197","68.926","68.011","2,14M","0,91%"
"24.09.2010","68.196","68.800","69.571","68.021","3,44M","-0,87%"
"23.09.2010","68.794","68.321","69.601","67.892","3,31M","0,69%"
"22.09.2010","68.325","67.711","68.549","67.346","2,50M","0,89%"
"21.09.2010","67.719","68.189","68.255","67.528","1,73M","-0,69%"
"20.09.2010","68.190","67.087","68.241","67.009","1,78M","1,64%"
"17.09.2010","67.089","67.665","67.773","66.993","1,63M","-0,85%"
"16.09.2010","67.663","68.103","68.103","67.507","1,46M","-0,65%"
"15.09.2010","68.107","67.690","68.107","67.119","2,23M","0,61%"
"14.09.2010","67.692","68.030","68.093","67.561","2,59M","-0,50%"
"13.09.2010","68.031","66.807","68.142","66.807","2,14M","1,83%"
"10.09.2010","66.807","66.622","66.920","66.459","1,56M","0,27%"
"09.09.2010","66.624","66.411","66.807","66.353","1,44M","0,33%"
"08.09.2010","66.407","66.739","66.739","66.101","1,72M","-0,51%"
"06.09.2010","66.747","66.679","66.949","66.380","651,48K","0,10%"
"03.09.2010","66.679","66.812","67.673","66.541","2,02M","-0,19%"
"02.09.2010","66.808","67.073","67.168","66.405","1,60M","-0,39%"
"01.09.2010","67.073","65.154","67.073","65.154","2,51M","2,96%"
"31.08.2010","65.145","64.262","65.182","64.202","3,28M","1,38%"
"30.08.2010","64.261","65.585","65.585","64.255","1,29M","-2,02%"
"27.08.2010","65.585","63.875","65.589","63.848","1,76M","2,69%"
"26.08.2010","63.867","64.802","65.271","63.804","1,77M","-1,44%"
"25.08.2010","64.803","65.156","65.156","64.164","1,75M","-0,54%"
"24.08.2010","65.156","65.946","65.946","65.013","1,60M","-1,25%"
"23.08.2010","65.982","66.678","67.175","65.982","1,38M","-1,04%"
"20.08.2010","66.677","66.892","66.892","66.337","1,41M","-0,31%"
"19.08.2010","66.887","67.641","67.713","66.824","1,92M","-1,11%"
"18.08.2010","67.638","67.584","67.745","67.006","2,37M","0,08%"
"17.08.2010","67.584","66.702","67.666","66.702","1,75M","1,32%"
"16.08.2010","66.702","66.260","66.868","66.187","1,39M","0,66%"
"13.08.2010","66.264","65.964","66.590","65.921","1,84M","0,45%"
"12.08.2010","65.966","65.788","66.027","65.257","1,55M","0,27%"
"11.08.2010","65.790","67.217","67.217","65.690","1,73M","-2,13%"
"10.08.2010","67.223","67.836","67.836","66.946","1,63M","-0,94%"
"09.08.2010","67.862","68.096","68.513","67.749","1,25M","-0,34%"
"06.08.2010","68.095","68.416","68.509","67.686","1,51M","-0,46%"
"05.08.2010","68.412","68.271","68.471","68.002","1,61M","0,20%"
"04.08.2010","68.272","67.996","68.534","67.577","1,88M","0,40%"
"03.08.2010","67.997","68.517","68.561","67.942","1,90M","-0,76%"
"02.08.2010","68.517","67.524","68.754","67.524","1,77M","1,48%"
"30.07.2010","67.515","66.951","67.608","66.218","2,09M","0,84%"
"29.07.2010","66.954","66.796","67.428","66.596","2,16M","0,22%"
"28.07.2010","66.808","66.670","67.051","66.427","1,94M","0,20%"
"27.07.2010","66.674","66.449","67.102","66.293","1,60M","0,35%"
"26.07.2010","66.443","66.322","66.619","66.151","1,23M","0,18%"
"23.07.2010","66.323","65.748","66.323","65.427","1,54M","0,87%"
"22.07.2010","65.748","64.504","66.213","64.504","2,32M","1,97%"
"21.07.2010","64.477","64.468","65.136","64.209","1,82M","0,02%"
"20.07.2010","64.463","63.290","64.481","62.902","2,43M","1,84%"
"19.07.2010","63.297","62.351","63.300","62.351","1,28M","1,54%"
"16.07.2010","62.339","63.487","63.492","62.298","1,33M","-1,81%"
"15.07.2010","63.489","63.482","63.612","62.960","1,56M","0,02%"
"14.07.2010","63.479","63.686","63.688","63.015","1,45M","-0,32%"
"13.07.2010","63.686","62.964","63.777","62.964","1,58M","1,15%"
"12.07.2010","62.960","63.477","63.972","62.750","1,23M","-0,81%"
"08.07.2010","63.476","63.282","63.596","62.895","1,66M","0,30%"
"07.07.2010","63.284","62.067","63.313","62.004","1,73M","1,96%"
"06.07.2010","62.065","60.870","62.451","60.870","1,79M","1,97%"
"05.07.2010","60.865","61.436","61.667","60.796","759,93K","-0,92%"
"02.07.2010","61.430","61.236","61.812","60.764","1,14M","0,32%"
"01.07.2010","61.236","60.935","61.381","60.056","2,13M","0,49%"
"30.06.2010","60.936","61.972","62.645","60.936","1,96M","-1,68%"
"29.06.2010","61.978","64.216","64.216","61.670","2,20M","-3,50%"
"28.06.2010","64.225","64.825","65.105","64.225","943,30K","-0,92%"
"25.06.2010","64.824","63.937","64.869","63.806","1,26M","1,39%"
"24.06.2010","63.937","65.154","65.154","63.736","1,79M","-1,88%"
"23.06.2010","65.160","64.812","65.161","64.247","1,76M","0,54%"
"22.06.2010","64.811","64.834","65.831","64.690","1,93M","-0,03%"
"21.06.2010","64.829","64.442","65.517","64.442","1,62M","0,61%"
"18.06.2010","64.438","64.542","64.941","64.239","1,87M","-0,16%"
"17.06.2010","64.541","64.745","65.182","64.115","1,89M","-0,32%"
"16.06.2010","64.751","64.442","65.097","63.974","2,44M","0,48%"
"15.06.2010","64.442","63.534","64.554","63.534","1,27M","1,43%"
"14.06.2010","63.533","63.613","64.296","63.529","1,79M","-0,11%"
"11.06.2010","63.605","63.044","63.766","62.371","1,35M","0,88%"
"10.06.2010","63.049","61.484","63.146","61.484","1,72M","2,55%"
"09.06.2010","61.479","61.799","62.684","61.479","1,74M","-0,51%"
"08.06.2010","61.794","61.187","62.000","61.187","1,61M","1,00%"
"07.06.2010","61.183","61.675","62.119","61.099","1,63M","-0,80%"
"04.06.2010","61.676","62.940","62.940","61.422","1,69M","-2,01%"
"02.06.2010","62.943","61.836","63.198","61.814","1,88M","1,78%"
"01.06.2010","61.841","63.033","63.033","61.605","2,25M","-1,91%"
"31.05.2010","63.047","61.950","63.047","61.950","1,20M","1,77%"
"28.05.2010","61.947","62.080","62.247","61.305","2,08M","-0,23%"
"27.05.2010","62.092","60.191","62.262","60.189","2,39M","3,16%"
"26.05.2010","60.190","59.182","60.701","59.179","3,64M","1,70%"
"25.05.2010","59.184","59.912","59.912","57.876","2,48M","-1,22%"
"24.05.2010","59.915","60.255","60.850","59.815","1,79M","-0,57%"
"21.05.2010","60.259","58.192","60.303","57.997","2,56M","3,55%"
"20.05.2010","58.192","59.684","59.684","57.634","3,37M","-2,51%"
"19.05.2010","59.689","60.841","60.850","59.068","3,20M","-1,89%"
"18.05.2010","60.841","62.871","63.529","60.810","2,79M","-3,22%"
"17.05.2010","62.866","63.406","63.593","61.825","2,75M","-0,86%"
"14.05.2010","63.412","64.787","64.787","63.050","2,22M","-2,12%"
"13.05.2010","64.788","65.223","65.427","64.738","1,80M","-0,67%"
"12.05.2010","65.224","64.438","65.351","64.438","1,98M","1,24%"
"11.05.2010","64.425","65.449","65.733","64.425","2,40M","-1,57%"
"10.05.2010","65.453","62.872","66.083","62.872","2,38M","4,11%"
"07.05.2010","62.871","63.416","63.945","61.663","2,90M","-0,86%"
"06.05.2010","63.414","64.915","65.533","60.774","3,21M","-2,31%"
"05.05.2010","64.914","64.859","65.612","63.533","2,68M","0,07%"
"04.05.2010","64.869","67.116","67.116","64.588","2,82M","-3,35%"
"03.05.2010","67.119","67.534","67.969","66.723","1,78M","-0,61%"
"30.04.2010","67.530","67.975","67.975","67.243","2,12M","-0,66%"
"29.04.2010","67.978","66.661","68.012","66.661","1,61M","1,98%"
"28.04.2010","66.656","66.513","67.253","65.914","1,86M","0,22%"
"27.04.2010","66.511","68.868","68.868","66.499","2,06M","-3,43%"
"26.04.2010","68.872","69.509","69.810","68.813","1,18M","-0,92%"
"23.04.2010","69.509","69.388","69.709","68.832","1,37M","0,18%"
"22.04.2010","69.386","69.313","69.528","68.081","1,79M","0,10%"
"20.04.2010","69.318","69.101","69.702","69.101","1,75M","0,32%"
"19.04.2010","69.098","69.418","69.431","68.378","1,72M","-0,47%"
"16.04.2010","69.421","70.522","70.522","69.013","2,04M","-1,56%"
"15.04.2010","70.524","71.036","71.066","70.429","2,26M","-0,72%"
"14.04.2010","71.035","70.794","71.207","70.628","1,76M","0,34%"
"13.04.2010","70.792","70.618","71.053","70.169","1,63M","0,25%"
"12.04.2010","70.614","71.414","71.607","70.505","1,47M","-1,12%"
"09.04.2010","71.417","71.783","71.989","71.307","1,68M","-0,51%"
"08.04.2010","71.785","70.793","71.805","70.462","1,70M","1,40%"
"07.04.2010","70.793","71.092","71.257","70.531","1,72M","-0,43%"
"06.04.2010","71.096","71.290","71.711","70.823","1,70M","-0,27%"
"05.04.2010","71.290","71.148","71.645","71.148","1,32M","0,22%"
"01.04.2010","71.136","70.375","71.401","70.373","1,55M","1,09%"
"31.03.2010","70.372","69.960","70.392","69.573","1,68M","0,59%"
"30.03.2010","69.960","69.942","70.451","69.750","1,49M","0,03%"
"29.03.2010","69.939","68.681","69.943","68.681","1,53M","1,83%"
"26.03.2010","68.683","68.442","68.910","68.024","1,77M","0,35%"
"25.03.2010","68.442","68.916","69.572","68.377","1,48M","-0,68%"
"24.03.2010","68.913","69.382","69.677","68.744","1,60M","-0,68%"
"23.03.2010","69.387","69.049","69.613","68.913","1,61M","0,50%"
"22.03.2010","69.042","68.814","69.121","67.899","1,40M","0,31%"
"19.03.2010","68.829","69.701","69.998","68.773","1,96M","-1,25%"
"18.03.2010","69.697","69.726","70.128","68.972","1,66M","-0,04%"
"17.03.2010","69.723","69.945","70.424","69.376","1,37M","-0,31%"
"16.03.2010","69.942","69.023","69.949","69.022","1,30M","1,33%"
"15.03.2010","69.024","69.340","69.384","68.623","1,45M","-0,46%"
"12.03.2010","69.341","69.901","70.486","69.341","1,57M","-0,78%"
"11.03.2010","69.885","69.981","70.183","69.411","1,63M","-0,14%"
"10.03.2010","69.979","69.578","70.476","69.578","1,91M","0,58%"
"09.03.2010","69.576","68.573","70.144","68.255","2,46M","1,46%"
"08.03.2010","68.575","68.851","69.070","68.318","1,43M","-0,39%"
"05.03.2010","68.847","67.823","68.930","67.823","1,95M","1,52%"
"04.03.2010","67.815","67.643","68.198","66.924","1,40M","0,26%"
"03.03.2010","67.641","67.780","68.813","67.482","2,11M","-0,20%"
"02.03.2010","67.779","67.228","68.250","67.228","1,71M","0,82%"
"01.03.2010","67.228","66.511","67.397","66.511","1,36M","1,09%"
"26.02.2010","66.503","66.118","66.510","65.607","1,73M","0,58%"
"25.02.2010","66.121","65.765","66.325","64.429","1,79M","0,50%"
"24.02.2010","65.795","66.110","66.514","65.534","1,57M","-0,47%"
"23.02.2010","66.108","67.179","67.179","65.660","1,64M","-1,60%"
"22.02.2010","67.184","67.598","68.120","67.035","1,40M","-0,61%"
"19.02.2010","67.597","67.811","67.935","67.210","1,25M","-0,35%"
"18.02.2010","67.836","67.285","67.836","66.550","1,29M","0,82%"
"17.02.2010","67.285","65.863","67.542","65.863","1,04M","2,17%"
"12.02.2010","65.855","66.129","66.133","65.123","873,28K","-0,41%"
"11.02.2010","66.129","65.050","66.145","64.344","1,26M","1,66%"
"10.02.2010","65.051","64.721","65.170","64.320","891,04K","0,51%"
"09.02.2010","64.718","63.164","65.526","63.164","1,36M","2,48%"
"08.02.2010","63.153","62.760","63.923","62.728","1,88M","0,62%"
"05.02.2010","62.763","63.934","64.001","61.341","3,05M","-1,83%"
"04.02.2010","63.934","67.100","67.100","63.750","2,26M","-4,73%"
"03.02.2010","67.109","67.163","67.347","66.774","1,76M","-0,08%"
"02.02.2010","67.163","66.589","67.321","66.539","1,59M","0,89%"
"01.02.2010","66.572","65.402","66.763","65.362","1,49M","1,79%"
"29.01.2010","65.402","65.591","66.576","65.140","1,82M","-0,28%"
"28.01.2010","65.588","65.071","66.049","64.541","1,65M","0,80%"
"27.01.2010","65.070","65.527","65.663","64.553","1,81M","-0,69%"
"26.01.2010","65.524","66.213","66.213","64.719","1,99M","-1,05%"
"22.01.2010","66.220","66.264","66.660","65.445","1,30M","-0,08%"
"21.01.2010","66.270","68.200","68.458","65.996","2,26M","-2,83%"
"20.01.2010","68.200","69.901","69.901","67.546","1,99M","-2,44%"
"19.01.2010","69.909","69.396","70.036","68.867","1,32M","0,73%"
"18.01.2010","69.401","68.983","69.748","68.983","1,14M","0,61%"
"15.01.2010","68.978","69.780","69.788","68.695","1,65M","-1,18%"
"14.01.2010","69.801","70.377","70.508","69.661","1,83M","-0,83%"
"13.01.2010","70.385","70.081","70.626","69.535","1,82M","0,44%"
"12.01.2010","70.076","70.429","70.429","69.284","1,63M","-0,51%"
"11.01.2010","70.433","70.267","71.068","70.158","1,57M","0,24%"
"08.01.2010","70.263","70.455","70.766","70.158","1,63M","-0,27%"
"07.01.2010","70.451","70.723","70.723","70.045","1,55M","-0,39%"
"06.01.2010","70.729","70.237","70.937","70.016","2,24M","0,70%"
"05.01.2010","70.240","70.046","70.595","69.928","1,98M","0,28%"
"04.01.2010","70.045","68.587","70.081","68.587","1,66M","2,12%"
"30.12.2009","68.588","68.277","68.588","67.749","1,18M","0,43%"
"29.12.2009","68.296","67.902","68.309","67.902","669,25K","0,58%"
"28.12.2009","67.902","67.591","68.277","67.591","556,35K","0,46%"
"23.12.2009","67.589","67.418","67.810","66.943","904,33K","0,25%"
"22.12.2009","67.418","65.940","67.421","65.940","1,27M","2,26%"
"21.12.2009","65.925","66.806","67.671","65.925","1,41M","-1,30%"
"18.12.2009","66.794","67.068","67.281","66.322","1,08M","-0,41%"
"17.12.2009","67.068","68.619","68.619","66.792","1,34M","-2,27%"
"16.12.2009","68.622","69.310","69.622","68.466","1,71M","-0,99%"
"15.12.2009","69.311","69.345","69.515","68.822","1,28M","-0,06%"
"14.12.2009","69.349","69.273","69.785","69.193","1,29M","0,12%"
"11.12.2009","69.267","68.750","69.502","68.750","1,49M","0,78%"
"10.12.2009","68.728","68.021","68.912","68.021","1,47M","1,05%"
"09.12.2009","68.012","67.736","68.272","67.484","1,14M","0,42%"
"08.12.2009","67.729","68.511","68.511","67.470","1,55M","-1,14%"
"07.12.2009","68.512","67.611","68.866","67.611","1,19M","1,34%"
"04.12.2009","67.604","68.316","69.361","67.328","1,41M","-1,04%"
"03.12.2009","68.315","68.622","69.336","68.308","1,22M","-0,44%"
"02.12.2009","68.615","68.412","69.139","68.412","1,36M","0,30%"
"01.12.2009","68.408","67.051","68.757","67.051","2,33M","2,03%"
"30.11.2009","67.044","67.082","67.545","66.876","2,22M","-0,06%"
"27.11.2009","67.082","66.371","67.086","65.737","1,17M","1,04%"
"26.11.2009","66.392","67.911","67.911","66.236","825,67K","-2,25%"
"25.11.2009","67.917","67.319","67.997","67.241","1,39M","0,89%"
"24.11.2009","67.317","66.812","67.317","65.969","1,35M","0,76%"
"23.11.2009","66.809","66.335","67.365","66.335","1,58M","0,73%"
"19.11.2009","66.327","66.514","66.564","65.547","1,47M","-0,28%"
"18.11.2009","66.516","67.430","68.060","66.494","1,59M","-1,32%"
"17.11.2009","67.406","66.632","67.409","66.232","1,73M","1,17%"
"16.11.2009","66.627","65.326","66.896","65.326","1,76M","1,99%"
"13.11.2009","65.326","64.452","65.788","64.229","1,86M","1,36%"
"12.11.2009","64.448","66.427","66.614","64.319","1,91M","-2,99%"
"11.11.2009","66.431","66.303","67.170","66.028","1,81M","0,19%"
"10.11.2009","66.303","66.214","66.709","65.706","1,65M","0,13%"
"09.11.2009","66.214","64.475","66.236","64.475","1,60M","2,71%"
"06.11.2009","64.466","64.820","65.094","63.587","1,66M","-0,54%"
"05.11.2009","64.816","63.907","64.830","63.700","1,58M","1,41%"
"04.11.2009","63.913","62.650","64.142","62.650","1,89M","2,03%"
"03.11.2009","62.643","61.539","63.237","60.724","1,90M","1,78%"
"30.10.2009","61.546","63.721","64.226","60.913","2,00M","-3,41%"
"29.10.2009","63.721","60.167","63.907","60.167","1,75M","5,91%"
"28.10.2009","60.162","63.161","63.173","60.146","2,24M","-4,75%"
"27.10.2009","63.161","65.090","65.498","63.161","1,50M","-2,96%"
"26.10.2009","65.086","65.056","65.901","64.501","1,38M","0,04%"
"23.10.2009","65.059","66.144","66.982","64.988","1,39M","-1,63%"
"22.10.2009","66.135","65.490","66.502","65.454","1,27M","0,99%"
"21.10.2009","65.486","65.302","67.157","65.221","1,79M","0,28%"
"20.10.2009","65.303","67.231","67.231","64.076","2,65M","-2,88%"
"19.10.2009","67.239","66.200","67.530","66.194","1,40M","1,57%"
"16.10.2009","66.200","66.703","66.703","65.499","1,48M","-0,75%"
"15.10.2009","66.703","66.199","66.703","65.837","1,33M","0,76%"
"14.10.2009","66.201","64.653","66.393","64.653","2,10M","2,41%"
"13.10.2009","64.646","64.075","64.646","63.967","1,19M","0,90%"
"09.10.2009","64.071","63.772","64.177","63.493","1,15M","0,49%"
"08.10.2009","63.760","62.640","63.816","62.640","1,77M","1,79%"
"07.10.2009","62.638","62.666","63.015","62.104","1,41M","-0,05%"
"06.10.2009","62.671","62.378","63.291","62.002","1,67M","0,48%"
"05.10.2009","62.369","61.178","62.460","61.178","1,34M","1,96%"
"02.10.2009","61.172","60.453","61.333","59.678","1,74M","1,18%"
"01.10.2009","60.459","61.519","61.519","60.306","1,40M","-1,72%"
"30.09.2009","61.518","61.241","61.926","60.978","1,54M","0,46%"
"29.09.2009","61.235","61.316","61.599","60.750","1,18M","-0,13%"
"28.09.2009","61.317","60.357","61.317","60.357","955,74K","1,59%"
"25.09.2009","60.356","60.045","60.472","59.755","989,79K","0,52%"
"24.09.2009","60.046","60.496","60.978","59.600","1,31M","-0,74%"
"23.09.2009","60.496","61.489","61.630","60.478","1,52M","-1,62%"
"22.09.2009","61.493","60.938","62.017","60.938","1,59M","0,93%"
"21.09.2009","60.928","60.703","61.066","60.014","1,36M","0,37%"
"18.09.2009","60.703","60.236","60.710","60.158","1,29M","0,78%"
"17.09.2009","60.236","60.409","61.027","60.116","1,59M","-0,29%"
"16.09.2009","60.411","59.265","60.526","59.265","1,81M","1,94%"
"15.09.2009","59.264","58.868","59.401","58.691","1,13M","0,67%"
"14.09.2009","58.868","58.363","58.868","57.753","990,51K","0,86%"
"11.09.2009","58.366","58.537","58.834","58.145","1,12M","-0,29%"
"10.09.2009","58.536","57.908","58.538","57.615","1,40M","1,08%"
"09.09.2009","57.910","57.844","58.089","57.534","1,36M","0,10%"
"08.09.2009","57.855","56.655","57.855","56.655","1,37M","2,12%"
"04.09.2009","56.652","55.707","56.729","55.656","1,20M","1,70%"
"03.09.2009","55.707","55.389","55.888","55.339","1,27M","0,58%"
"02.09.2009","55.386","55.813","55.948","55.386","1,64M","-0,77%"
"01.09.2009","55.815","56.489","57.002","55.764","1,44M","-1,19%"
"31.08.2009","56.489","57.698","57.698","56.170","1,50M","-2,10%"
"28.08.2009","57.701","57.704","58.136","57.344","1,18M","-0,01%"
"27.08.2009","57.704","57.769","57.878","56.845","1,35M","-0,11%"
"26.08.2009","57.766","57.425","57.791","57.106","1,24M","0,60%"
"25.08.2009","57.421","57.778","58.311","57.401","1,25M","-0,61%"
"24.08.2009","57.775","57.731","58.634","57.698","1,43M","0,08%"
"21.08.2009","57.729","56.836","57.782","56.836","1,24M","1,58%"
"20.08.2009","56.831","56.173","56.897","56.143","1,07M","1,20%"
"19.08.2009","56.156","55.748","56.212","54.918","1,28M","0,73%"
"18.08.2009","55.749","55.219","55.891","55.216","1,13M","0,96%"
"17.08.2009","55.218","56.636","56.636","54.881","1,40M","-2,51%"
"14.08.2009","56.638","57.048","57.190","55.979","1,50M","-0,72%"
"13.08.2009","57.048","56.588","57.367","56.533","1,51M","0,81%"
"12.08.2009","56.588","55.761","56.696","55.714","1,66M","1,48%"
"11.08.2009","55.761","56.816","56.816","55.568","1,41M","-1,88%"
"10.08.2009","56.830","56.329","56.830","56.151","1,19M","0,89%"
"07.08.2009","56.330","55.758","56.644","55.758","1,26M","1,03%"
"06.08.2009","55.755","56.385","56.780","55.361","1,33M","-1,12%"
"05.08.2009","56.384","56.041","56.586","55.407","1,24M","0,62%"
"04.08.2009","56.038","55.998","56.656","55.727","1,51M","0,07%"
"03.08.2009","55.998","54.766","56.200","54.766","1,26M","2,25%"
"31.07.2009","54.766","54.474","54.980","54.206","1,23M","0,53%"
"30.07.2009","54.478","53.735","55.083","53.735","1,25M","1,38%"
"29.07.2009","53.735","54.470","54.470","53.256","1,23M","-1,35%"
"28.07.2009","54.472","54.547","54.547","53.779","1,30M","-0,14%"
"27.07.2009","54.549","54.458","54.886","53.943","1,11M","0,17%"
"24.07.2009","54.457","54.249","54.600","54.037","1,13M","0,38%"
"23.07.2009","54.249","53.074","54.629","53.065","2,06M","2,22%"
"22.07.2009","53.073","53.232","53.664","52.543","1,36M","-0,30%"
"21.07.2009","53.234","53.155","53.716","52.520","1,40M","0,15%"
"20.07.2009","53.155","52.073","53.262","52.073","1,50M","2,08%"
"17.07.2009","52.072","51.918","52.352","51.736","1,23M","0,30%"
"16.07.2009","51.918","51.292","52.338","50.703","1,55M","1,21%"
"15.07.2009","51.297","48.876","51.488","48.876","1,89M","4,96%"
"14.07.2009","48.873","49.186","49.647","48.573","1,43M","-0,64%"
"13.07.2009","49.187","49.221","49.644","48.262","1,33M","-0,07%"
"10.07.2009","49.221","49.175","49.326","48.714","1,04M","0,09%"
"08.07.2009","49.178","49.460","49.846","48.456","1,55M","-0,56%"
"07.07.2009","49.457","50.619","50.621","49.400","1,64M","-2,30%"
"06.07.2009","50.622","50.932","50.932","49.691","1,38M","-0,61%"
"03.07.2009","50.935","51.026","51.167","50.915","487,81K","-0,18%"
"02.07.2009","51.025","51.538","51.538","50.608","1,01M","-1,01%"
"01.07.2009","51.544","51.464","52.383","51.464","1,37M","0,15%"
"30.06.2009","51.465","52.143","52.435","51.102","1,32M","-1,29%"
"29.06.2009","52.138","51.488","52.275","51.488","1,05M","1,27%"
"26.06.2009","51.486","51.517","51.935","51.341","1,22M","-0,06%"
"25.06.2009","51.515","49.668","51.515","49.327","1,59M","3,71%"
"24.06.2009","49.672","49.819","50.758","49.520","1,37M","-0,28%"
"23.06.2009","49.814","49.496","49.902","49.130","1,40M","0,64%"
"22.06.2009","49.495","51.367","51.367","49.411","1,60M","-3,66%"
"19.06.2009","51.374","50.908","51.665","50.908","1,23M","0,92%"
"18.06.2009","50.903","51.050","51.275","50.510","1,16M","-0,28%"
"17.06.2009","51.046","51.197","51.197","50.265","1,64M","-0,31%"
"16.06.2009","51.206","52.035","52.494","51.166","1,33M","-1,59%"
"15.06.2009","52.034","53.558","53.558","51.252","1,66M","-2,85%"
"12.06.2009","53.558","53.411","53.936","53.143","1,42M","0,28%"
"10.06.2009","53.411","53.159","54.048","52.819","1,44M","0,48%"
"09.06.2009","53.157","53.633","54.102","52.845","1,23M","-0,88%"
"08.06.2009","53.630","53.340","53.905","52.483","1,18M","0,54%"
"05.06.2009","53.341","53.474","54.627","53.050","1,44M","-0,23%"
"04.06.2009","53.464","52.094","53.464","51.745","1,40M","2,64%"
"03.06.2009","52.087","53.999","54.001","51.643","2,04M","-3,54%"
"02.06.2009","54.000","54.486","54.955","53.850","1,92M","-0,89%"
"01.06.2009","54.486","53.202","54.857","53.202","1,80M","2,42%"
"29.05.2009","53.198","53.047","53.806","52.432","2,84M","0,30%"
"28.05.2009","53.041","51.795","53.041","51.795","1,52M","2,41%"
"27.05.2009","51.792","51.840","53.092","51.637","1,73M","-0,09%"
"26.05.2009","51.841","50.817","51.934","50.074","1,46M","2,02%"
"25.05.2009","50.816","50.558","50.969","50.558","490,96K","0,49%"
"22.05.2009","50.568","50.089","50.893","49.989","1,31M","0,96%"
"21.05.2009","50.087","51.244","51.244","49.565","1,68M","-2,26%"
"20.05.2009","51.245","51.349","52.640","51.143","2,06M","-0,20%"
"19.05.2009","51.347","51.465","52.145","50.987","2,00M","-0,23%"
"18.05.2009","51.463","49.012","51.490","49.012","1,73M","5,01%"
"15.05.2009","49.007","49.447","49.552","48.796","1,51M","-0,89%"
"14.05.2009","49.446","48.671","49.461","48.284","1,42M","1,58%"
"13.05.2009","48.679","50.317","50.317","48.430","1,71M","-3,27%"
"12.05.2009","50.326","50.980","51.565","49.808","1,85M","-1,28%"
"11.05.2009","50.976","51.389","51.389","50.060","1,29M","-0,82%"
"08.05.2009","51.396","50.066","51.396","50.051","1,69M","2,67%"
"07.05.2009","50.058","51.499","52.079","49.743","2,03M","-2,80%"
"06.05.2009","51.499","50.675","52.096","50.672","2,47M","1,64%"
"05.05.2009","50.670","50.404","50.909","50.013","1,95M","0,53%"
"04.05.2009","50.405","47.290","50.405","47.290","2,50M","6,59%"
"30.04.2009","47.290","47.235","48.126","47.235","2,14M","0,13%"
"29.04.2009","47.227","45.825","47.410","45.825","2,05M","3,07%"
"28.04.2009","45.821","45.819","46.138","44.966","1,79M","0,00%"
"27.04.2009","45.820","46.772","46.772","45.662","1,69M","-2,04%"
"24.04.2009","46.772","45.801","46.946","45.801","1,53M","2,12%"
"23.04.2009","45.801","44.888","45.804","44.888","1,24M","2,03%"
"22.04.2009","44.888","44.434","45.369","44.434","1,36M","1,02%"
"20.04.2009","44.433","45.778","45.778","44.275","1,27M","-2,94%"
"17.04.2009","45.778","46.018","46.187","45.723","1,47M","-0,54%"
"16.04.2009","46.025","45.277","46.211","45.277","1,77M","1,66%"
"15.04.2009","45.273","45.420","45.453","44.811","1,76M","-0,32%"
"14.04.2009","45.418","45.989","46.591","45.284","2,13M","-1,25%"
"13.04.2009","45.992","45.536","46.179","45.226","1,55M","1,00%"
"09.04.2009","45.539","44.183","45.702","44.183","1,92M","3,07%"
"08.04.2009","44.182","43.828","44.390","43.706","1,78M","0,82%"
"07.04.2009","43.825","44.163","44.471","43.593","1,71M","-0,78%"
"06.04.2009","44.167","44.385","44.385","43.429","1,47M","-0,50%"
"03.04.2009","44.391","43.738","44.610","43.520","1,88M","1,50%"
"02.04.2009","43.736","41.977","44.286","41.977","2,36M","4,19%"
"01.04.2009","41.976","40.918","42.005","40.256","1,67M","2,57%"
"31.03.2009","40.926","40.661","41.610","40.661","1,59M","0,67%"
"30.03.2009","40.653","41.909","41.909","40.351","1,51M","-2,99%"
"27.03.2009","41.907","42.589","42.589","41.586","1,34M","-1,60%"
"26.03.2009","42.589","41.801","42.680","41.801","1,64M","1,89%"
"25.03.2009","41.799","41.478","42.623","41.114","1,96M","0,78%"
"24.03.2009","41.476","42.439","42.439","41.476","1,83M","-2,27%"
"23.03.2009","42.439","40.077","42.509","40.077","1,88M","5,89%"
"20.03.2009","40.076","40.453","41.053","40.076","1,39M","-0,93%"
"19.03.2009","40.453","40.146","41.137","40.146","1,90M","0,78%"
"18.03.2009","40.142","39.508","40.551","38.850","1,73M","1,60%"
"17.03.2009","39.511","38.608","39.511","38.080","1,46M","2,34%"
"16.03.2009","38.607","39.018","39.713","38.467","1,53M","-1,05%"
"13.03.2009","39.015","39.152","39.707","38.580","1,60M","-0,35%"
"12.03.2009","39.152","38.806","39.304","38.286","1,63M","0,89%"
"11.03.2009","38.805","38.795","39.310","38.238","1,40M","0,03%"
"10.03.2009","38.795","36.745","38.804","36.745","1,79M","5,59%"
"09.03.2009","36.741","37.103","37.464","36.392","1,07M","-0,98%"
"06.03.2009","37.105","37.367","38.309","36.476","1,48M","-0,71%"
"05.03.2009","37.369","38.391","38.391","36.973","1,35M","-2,69%"
"04.03.2009","38.402","36.468","38.554","36.468","1,80M","5,31%"
"03.03.2009","36.468","36.236","37.085","35.722","1,73M","0,64%"
"02.03.2009","36.235","38.180","38.180","36.196","1,73M","-5,10%"
"27.02.2009","38.183","38.178","38.801","37.324","1,65M","0,01%"
"26.02.2009","38.180","38.234","39.219","38.180","1,52M","-0,13%"
"25.02.2009","38.232","38.712","38.933","37.694","1,22M","-1,25%"
"20.02.2009","38.715","39.725","39.725","38.103","1,71M","-2,56%"
"19.02.2009","39.730","39.675","40.433","39.630","1,16M","0,14%"
"18.02.2009","39.674","39.848","40.434","39.209","1,65M","-0,43%"
"17.02.2009","39.847","41.838","41.838","39.817","1,73M","-4,77%"
"16.02.2009","41.841","41.672","41.841","41.026","1,09M","0,40%"
"13.02.2009","41.674","40.512","41.833","40.512","1,45M","2,90%"
"12.02.2009","40.501","40.827","41.082","39.992","1,78M","-0,84%"
"11.02.2009","40.846","41.207","42.032","40.286","1,67M","-0,88%"
"10.02.2009","41.207","42.101","42.819","40.960","2,28M","-2,12%"
"09.02.2009","42.100","42.755","43.441","41.977","1,75M","-1,53%"
"06.02.2009","42.756","41.110","42.873","41.110","2,18M","4,01%"
"05.02.2009","41.109","40.120","41.373","39.791","1,93M","2,44%"
"04.02.2009","40.129","39.746","41.490","39.746","2,41M","0,96%"
"03.02.2009","39.747","38.665","39.765","38.655","1,55M","2,79%"
"02.02.2009","38.666","39.296","39.364","38.453","1,33M","-1,61%"
"30.01.2009","39.301","39.637","40.273","39.185","1,48M","-0,85%"
"29.01.2009","39.638","40.229","40.229","39.369","1,33M","-1,46%"
"28.01.2009","40.227","38.704","40.438","38.704","2,13M","3,95%"
"27.01.2009","38.699","38.511","39.025","38.422","1,42M","0,49%"
"26.01.2009","38.509","38.130","39.065","37.831","1,49M","0,99%"
"23.01.2009","38.132","37.891","38.660","36.744","1,43M","0,63%"
"22.01.2009","37.894","38.543","38.845","37.255","1,74M","-1,68%"
"21.01.2009","38.543","37.279","38.543","37.279","1,67M","3,41%"
"20.01.2009","37.272","38.828","39.174","37.272","1,42M","-4,01%"
"19.01.2009","38.828","39.351","39.570","38.700","791,08K","-1,30%"
"16.01.2009","39.342","39.149","39.904","38.578","1,73M","0,49%"
"15.01.2009","39.151","37.993","39.197","36.806","2,03M","3,08%"
"14.01.2009","37.982","39.537","39.570","37.658","2,20M","-3,95%"
"13.01.2009","39.544","39.397","40.323","38.623","1,80M","0,36%"
"12.01.2009","39.403","41.585","41.585","39.345","1,55M","-5,24%"
"09.01.2009","41.583","41.992","42.525","41.181","1,57M","-0,97%"
"08.01.2009","41.991","40.819","41.991","40.251","1,56M","2,87%"
"07.01.2009","40.820","42.308","42.308","40.563","1,38M","-3,53%"
"06.01.2009","42.312","41.520","42.363","41.520","1,79M","1,91%"
"05.01.2009","41.519","40.243","41.889","39.526","1,91M","3,17%"
"02.01.2009","40.244","37.550","40.265","37.550","1,06M","7,17%"
"30.12.2008","37.550","37.070","37.783","37.065","1,57M","1,32%"
"29.12.2008","37.060","36.864","37.631","36.638","984,71K","0,53%"
"26.12.2008","36.864","36.470","37.136","36.334","508,53K","1,08%"
"23.12.2008","36.471","37.617","38.005","36.452","859,92K","-3,05%"
"22.12.2008","37.619","39.140","39.452","37.478","1,28M","-3,87%"
"19.12.2008","39.131","39.535","39.785","38.728","1,22M","-1,02%"
"18.12.2008","39.536","39.947","40.498","38.995","1,70M","-1,03%"
"17.12.2008","39.947","39.993","40.361","39.121","2,28M","-0,12%"
"16.12.2008","39.993","38.324","39.993","38.324","1,61M","4,37%"
"15.12.2008","38.320","39.368","39.735","38.320","1,63M","-2,68%"
"12.12.2008","39.374","38.517","39.374","37.014","1,69M","2,22%"
"11.12.2008","38.519","39.009","39.880","38.515","1,95M","-1,24%"
"10.12.2008","39.004","37.972","39.748","37.972","2,23M","2,73%"
"09.12.2008","37.968","38.285","38.863","37.653","2,01M","-0,83%"
"08.12.2008","38.285","35.347","38.426","35.347","2,42M","8,31%"
"05.12.2008","35.347","35.125","35.435","34.013","1,93M","0,63%"
"04.12.2008","35.128","35.311","35.944","35.128","1,26M","-0,48%"
"03.12.2008","35.297","35.001","35.476","33.798","2,24M","0,85%"
"02.12.2008","35.001","34.743","35.734","34.743","1,60M","0,75%"
"01.12.2008","34.741","36.596","36.596","34.396","1,46M","-5,07%"
"28.11.2008","36.596","36.216","37.217","35.944","1,55M","1,06%"
"27.11.2008","36.213","36.470","36.817","36.114","878,65K","-0,70%"
"26.11.2008","36.470","34.814","36.877","34.319","2,08M","4,76%"
"25.11.2008","34.813","34.189","35.532","33.620","1,71M","1,83%"
"24.11.2008","34.189","31.255","34.382","31.255","2,00M","9,40%"
"21.11.2008","31.251","33.403","33.403","31.081","1,89M","-6,45%"
"19.11.2008","33.405","34.098","34.786","33.275","1,57M","-2,02%"
"18.11.2008","34.095","35.698","35.698","33.882","1,75M","-4,54%"
"17.11.2008","35.717","35.777","36.373","34.427","1,39M","-0,20%"
"14.11.2008","35.789","36.003","36.697","35.016","1,63M","-0,57%"
"13.11.2008","35.993","34.374","36.244","33.645","1,89M","4,71%"
"12.11.2008","34.374","37.261","37.261","34.221","2,41M","-7,75%"
"11.11.2008","37.262","36.775","37.629","35.499","1,54M","1,32%"
"10.11.2008","36.776","36.672","38.725","36.298","1,47M","0,30%"
"07.11.2008","36.665","36.362","37.716","36.297","1,76M","0,83%"
"06.11.2008","36.362","37.786","37.786","35.387","2,00M","-3,77%"
"05.11.2008","37.786","40.245","40.245","37.711","2,13M","-6,13%"
"04.11.2008","40.255","38.256","41.003","38.256","2,13M","5,24%"
"03.11.2008","38.249","37.261","38.545","36.938","1,68M","2,66%"
"31.10.2008","37.257","37.447","37.945","35.858","2,00M","-0,51%"
"30.10.2008","37.449","34.852","37.590","34.852","2,49M","7,47%"
"29.10.2008","34.845","33.387","35.766","33.387","2,18M","4,37%"
"28.10.2008","33.387","29.438","33.387","29.438","2,34M","13,42%"
"27.10.2008","29.435","31.480","31.480","29.435","1,70M","-6,50%"
"24.10.2008","31.482","33.809","33.809","30.788","2,25M","-6,91%"
"23.10.2008","33.818","35.069","35.777","32.706","1,96M","-3,57%"
"22.10.2008","35.070","39.043","39.043","35.028","1,65M","-10,18%"
"21.10.2008","39.043","39.440","39.980","38.083","1,53M","-1,01%"
"20.10.2008","39.441","36.401","39.453","36.401","1,55M","8,36%"
"17.10.2008","36.399","36.440","38.342","35.834","1,85M","-0,12%"
"16.10.2008","36.442","36.835","37.394","33.752","2,28M","-1,06%"
"15.10.2008","36.833","41.567","41.567","35.411","2,15M","-11,39%"
"14.10.2008","41.569","40.833","43.753","40.218","2,26M","1,81%"
"13.10.2008","40.829","35.609","40.829","35.609","1,97M","14,66%"
"10.10.2008","35.610","37.079","37.079","33.238","2,44M","-3,97%"
"09.10.2008","37.080","38.594","40.479","36.832","2,18M","-3,92%"
"08.10.2008","38.594","40.137","40.439","37.597","2,83M","-3,85%"
"07.10.2008","40.140","42.104","43.167","39.583","1,97M","-4,66%"
"06.10.2008","42.101","44.502","44.502","37.617","2,08M","-5,43%"
"03.10.2008","44.517","46.155","48.075","44.158","1,58M","-3,53%"
"02.10.2008","46.145","49.805","49.805","45.113","1,68M","-7,34%"
"01.10.2008","49.799","49.538","49.834","47.641","1,50M","0,52%"
"30.09.2008","49.541","46.026","49.541","46.026","1,56M","7,63%"
"29.09.2008","46.028","50.743","50.743","43.766","1,88M","-9,36%"
"26.09.2008","50.783","51.824","51.824","49.902","1,99M","-2,02%"
"25.09.2008","51.828","49.848","51.867","49.848","1,40M","3,98%"
"24.09.2008","49.843","49.598","50.747","49.598","1,20M","0,50%"
"23.09.2008","49.593","51.537","51.856","49.289","1,65M","-3,78%"
"22.09.2008","51.541","53.055","53.455","51.530","1,45M","-2,86%"
"19.09.2008","53.055","48.424","53.168","48.424","2,10M","9,57%"
"18.09.2008","48.423","45.909","49.002","45.295","2,33M","5,48%"
"17.09.2008","45.909","49.218","49.218","45.859","2,32M","-6,74%"
"16.09.2008","49.229","48.404","49.313","46.261","2,05M","1,68%"
"15.09.2008","48.416","52.386","52.386","48.409","1,59M","-7,59%"
"12.09.2008","52.393","51.267","52.591","50.789","1,39M","2,19%"
"11.09.2008","51.270","49.629","51.270","48.217","1,56M","3,30%"
"10.09.2008","49.633","48.439","49.957","47.606","1,90M","2,47%"
"09.09.2008","48.435","50.711","50.711","48.419","1,48M","-4,50%"
"08.09.2008","50.718","51.940","53.706","50.646","1,47M","-2,35%"
"05.09.2008","51.940","51.404","51.940","50.092","1,44M","1,03%"
"04.09.2008","51.409","53.527","53.749","51.157","1,54M","-3,96%"
"03.09.2008","53.527","54.414","55.241","52.891","1,44M","-1,61%"
"02.09.2008","54.404","55.161","55.412","54.207","1,16M","-1,37%"
"01.09.2008","55.162","55.665","55.665","54.933","520,00K","-0,93%"
"29.08.2008","55.680","56.388","56.856","55.678","1,10M","-1,24%"
"28.08.2008","56.382","55.516","56.524","55.516","1,06M","1,55%"
"27.08.2008","55.519","54.366","55.591","54.366","881,67K","2,13%"
"26.08.2008","54.359","54.477","55.088","54.153","836,27K","-0,22%"
"25.08.2008","54.477","55.854","55.906","54.468","653,40K","-2,46%"
"22.08.2008","55.850","55.933","56.430","55.202","823,43K","-0,15%"
"21.08.2008","55.935","55.380","56.144","55.380","1,11M","1,01%"
"20.08.2008","55.377","53.641","55.545","53.641","1,15M","3,24%"
"19.08.2008","53.639","53.326","54.329","52.345","1,01M","0,59%"
"18.08.2008","53.327","54.252","54.928","53.050","846,96K","-1,69%"
"15.08.2008","54.244","55.137","55.307","53.831","945,79K","-1,62%"
"14.08.2008","55.138","54.573","55.725","54.573","1,07M","1,04%"
"13.08.2008","54.573","54.509","55.492","54.035","1,92M","0,13%"
"12.08.2008","54.503","54.721","55.355","54.325","1,23M","-0,40%"
"11.08.2008","54.720","56.590","56.974","54.569","1,21M","-3,29%"
"08.08.2008","56.584","57.018","57.146","56.152","1,05M","-0,76%"
"07.08.2008","57.018","57.546","57.942","56.960","1,12M","-0,91%"
"06.08.2008","57.542","56.473","57.813","56.473","1,27M","1,90%"
"05.08.2008","56.471","55.609","56.974","55.609","1,40M","1,55%"
"04.08.2008","55.609","57.619","57.641","55.367","1,15M","-3,51%"
"01.08.2008","57.630","59.505","59.505","57.492","999,46K","-3,15%"
"31.07.2008","59.505","59.998","60.023","59.225","1,28M","-0,82%"
"30.07.2008","59.998","58.069","59.998","58.069","1,53M","3,37%"
"29.07.2008","58.043","56.869","58.043","56.869","1,12M","2,06%"
"28.07.2008","56.869","57.207","58.176","56.839","887,59K","-0,58%"
"25.07.2008","57.199","57.420","57.711","56.418","1,18M","-0,41%"
"24.07.2008","57.434","59.425","59.641","57.334","1,78M","-3,34%"
"23.07.2008","59.421","59.646","60.242","59.313","1,42M","-0,38%"
"22.07.2008","59.647","60.772","60.780","59.231","1,20M","-1,85%"
"21.07.2008","60.772","60.002","61.275","60.002","1,23M","1,31%"
"18.07.2008","59.988","60.106","61.299","59.479","1,23M","-0,20%"
"17.07.2008","60.109","62.063","62.606","59.985","1,89M","-3,14%"
"16.07.2008","62.056","61.018","62.183","60.863","1,58M","1,71%"
"15.07.2008","61.015","60.715","61.679","58.790","1,47M","0,48%"
"14.07.2008","60.721","60.156","61.306","60.156","970,37K","0,95%"
"11.07.2008","60.148","60.256","61.053","59.603","1,05M","-0,17%"
"10.07.2008","60.253","59.528","60.589","58.338","1,49M","1,20%"
"08.07.2008","59.536","59.081","59.536","57.945","1,24M","0,76%"
"07.07.2008","59.088","59.372","60.795","58.731","1,08M","-0,47%"
"04.07.2008","59.365","59.266","59.779","58.786","642,07K","0,16%"
"03.07.2008","59.273","61.094","61.601","59.243","1,21M","-3,00%"
"02.07.2008","61.106","63.397","63.945","61.028","1,31M","-3,61%"
"01.07.2008","63.396","65.018","65.018","62.911","1,26M","-2,49%"
"30.06.2008","65.018","64.326","65.353","64.326","970,44K","1,08%"
"27.06.2008","64.321","63.951","64.624","63.881","1,10M","0,59%"
"26.06.2008","63.947","65.804","65.804","63.689","1,27M","-2,89%"
"25.06.2008","65.853","64.173","66.308","64.173","1,35M","2,63%"
"24.06.2008","64.168","64.636","65.084","63.713","1,13M","-0,73%"
"23.06.2008","64.640","64.622","65.401","64.440","858,52K","0,04%"
"20.06.2008","64.614","66.584","66.611","64.602","1,14M","-2,97%"
"19.06.2008","66.590","67.090","67.339","66.182","1,17M","-0,75%"
"18.06.2008","67.090","68.431","68.431","66.917","1,36M","-1,97%"
"17.06.2008","68.438","67.284","69.029","67.284","1,20M","1,71%"
"16.06.2008","67.285","67.206","67.618","66.430","1,04M","0,12%"
"13.06.2008","67.204","67.326","67.885","66.907","917,32K","-0,17%"
"12.06.2008","67.320","66.798","67.958","66.798","1,14M","0,79%"
"11.06.2008","66.795","67.775","68.061","66.715","1,25M","-1,45%"
"10.06.2008","67.775","69.275","69.275","67.067","1,26M","-2,17%"
"09.06.2008","69.281","69.786","69.990","68.534","1,03M","-0,72%"
"06.06.2008","69.786","71.208","71.211","69.515","1,20M","-2,00%"
"05.06.2008","71.209","68.674","71.248","68.674","1,22M","3,69%"
"04.06.2008","68.673","70.012","70.012","68.465","1,44M","-1,91%"
"03.06.2008","70.012","71.897","72.019","69.602","1,30M","-2,62%"
"02.06.2008","71.897","72.593","72.593","71.352","1,17M","-0,96%"
"30.05.2008","72.593","71.798","72.862","71.766","1,77M","1,11%"
"29.05.2008","71.798","73.154","73.920","71.695","1,54M","-1,85%"
"28.05.2008","73.153","70.995","73.180","70.734","1,46M","3,04%"
"27.05.2008","70.992","71.629","71.659","70.335","1,41M","-0,89%"
"26.05.2008","71.629","71.452","71.988","71.423","503,20K","0,25%"
"23.05.2008","71.452","72.295","72.295","70.774","1,09M","-1,17%"
"21.05.2008","72.295","73.508","73.780","72.150","1,46M","-1,66%"
"20.05.2008","73.517","73.445","73.522","72.146","1,26M","0,11%"
"19.05.2008","73.439","72.767","73.794","72.458","1,49M","0,92%"
"16.05.2008","72.767","71.496","72.767","71.496","1,35M","1,78%"
"15.05.2008","71.492","70.031","71.492","70.031","1,14M","2,09%"
"14.05.2008","70.027","70.495","70.966","70.027","1,20M","-0,68%"
"13.05.2008","70.503","70.422","71.084","70.108","1,21M","0,12%"
"12.05.2008","70.416","69.646","70.420","69.068","966,70K","1,11%"
"09.05.2008","69.646","69.722","69.722","68.764","841,25K","-0,11%"
"08.05.2008","69.722","69.021","69.877","69.014","975,06K","1,02%"
"07.05.2008","69.018","70.201","70.545","68.599","1,34M","-1,68%"
"06.05.2008","70.195","70.175","70.215","69.561","1,52M","0,03%"
"05.05.2008","70.175","69.366","70.435","69.366","1,35M","1,17%"
"02.05.2008","69.366","67.869","70.973","67.865","1,98M","2,21%"
"30.04.2008","67.868","63.826","68.038","63.826","2,11M","6,33%"
"29.04.2008","63.826","65.678","65.678","63.706","1,11M","-2,82%"
"28.04.2008","65.678","65.191","66.025","65.191","1,18M","0,75%"
"25.04.2008","65.187","64.576","65.253","64.172","1,11M","0,95%"
"24.04.2008","64.576","64.946","65.086","64.223","971,55K","-0,57%"
"23.04.2008","64.948","65.413","65.689","64.914","862,85K","-0,71%"
"22.04.2008","65.413","64.922","65.689","64.922","965,74K","0,75%"
"18.04.2008","64.923","64.554","65.384","64.554","856,82K","0,57%"
"17.04.2008","64.552","64.150","64.945","63.599","908,42K","0,62%"
"16.04.2008","64.152","62.625","64.314","62.625","1,24M","2,45%"
"15.04.2008","62.618","62.151","62.825","62.151","841,67K","0,75%"
"14.04.2008","62.153","62.592","62.733","61.467","926,68K","-0,69%"
"11.04.2008","62.585","63.526","63.526","62.459","696,84K","-1,48%"
"10.04.2008","63.527","63.475","63.646","62.712","909,31K","0,08%"
"09.04.2008","63.477","64.540","64.621","63.167","863,32K","-1,65%"
"08.04.2008","64.540","64.180","64.833","63.453","877,99K","0,57%"
"07.04.2008","64.176","64.447","65.409","63.919","909,33K","-0,42%"
"04.04.2008","64.446","64.177","64.630","63.906","812,76K","0,42%"
"03.04.2008","64.175","63.367","64.731","62.793","1,04M","1,28%"
"02.04.2008","63.364","62.775","63.816","62.775","1,08M","0,94%"
"01.04.2008","62.775","60.965","62.788","60.965","1,21M","2,96%"
"31.03.2008","60.968","60.449","60.982","59.917","2,17M","0,85%"
"28.03.2008","60.452","60.762","61.062","60.192","1,67M","-0,51%"
"27.03.2008","60.762","61.418","62.200","60.679","1,64M","-1,06%"
"26.03.2008","61.415","61.234","61.849","60.759","2,35M","0,30%"
"25.03.2008","61.234","59.820","61.616","59.820","2,52M","2,38%"
"24.03.2008","59.813","58.994","61.083","58.994","2,29M","1,40%"
"20.03.2008","58.987","58.818","59.170","57.824","2,72M","0,27%"
"19.03.2008","58.827","61.936","62.372","58.805","2,23M","-5,01%"
"18.03.2008","61.933","60.040","61.933","60.040","3,08M","3,20%"
"17.03.2008","60.012","61.987","61.987","59.342","2,13M","-3,19%"
"14.03.2008","61.991","62.280","63.028","60.710","2,81M","-0,46%"
"13.03.2008","62.280","62.175","62.413","60.168","3,85M","0,17%"
"12.03.2008","62.177","62.378","63.036","62.022","2,32M","-0,31%"
"11.03.2008","62.368","60.006","62.368","60.006","3,22M","3,95%"
"10.03.2008","59.999","61.869","61.923","59.996","1,90M","-3,02%"
"07.03.2008","61.868","62.973","62.973","61.382","2,49M","-1,76%"
"06.03.2008","62.975","64.631","64.676","62.975","2,25M","-2,56%"
"05.03.2008","64.629","63.653","65.045","63.653","2,32M","1,53%"
"04.03.2008","63.656","64.486","64.530","62.745","2,14M","-1,29%"
"03.03.2008","64.490","63.496","64.644","63.159","2,27M","1,58%"
"29.02.2008","63.489","65.553","65.553","63.482","2,82M","-3,15%"
"28.02.2008","65.555","65.495","66.005","65.248","3,69M","0,09%"
"27.02.2008","65.495","65.178","65.968","64.647","4,84M","0,48%"
"26.02.2008","65.183","64.994","65.399","63.983","3,56M","0,28%"
"25.02.2008","65.001","64.605","65.013","64.060","2,37M","0,61%"
"22.02.2008","64.609","63.780","64.609","63.360","2,08M","1,28%"
"21.02.2008","63.792","63.748","64.631","63.620","2,42M","0,07%"
"20.02.2008","63.747","62.292","63.780","61.634","2,76M","2,33%"
"19.02.2008","62.297","62.801","63.590","62.180","2,09M","-0,80%"
"18.02.2008","62.801","61.292","62.883","61.292","1,50M","2,50%"
"15.02.2008","61.272","61.803","61.803","60.717","2,35M","-0,89%"
"14.02.2008","61.819","62.595","63.224","61.737","2,36M","-1,23%"
"13.02.2008","62.591","61.802","63.002","61.802","4,42M","1,27%"
"12.02.2008","61.805","60.645","62.828","60.645","13,47M","1,92%"
"11.02.2008","60.643","59.081","60.805","59.081","2,57M","2,65%"
"08.02.2008","59.076","58.967","59.520","58.843","2,02M","0,19%"
"07.02.2008","58.965","58.965","59.581","58.030","3,99M","-0,01%"
"06.02.2008","58.969","61.076","61.076","58.742","2,05M","-3,46%"
"01.02.2008","61.080","59.491","61.187","59.491","3,60M","2,67%"
"31.01.2008","59.490","60.288","60.288","57.886","6,16M","-1,33%"
"30.01.2008","60.289","59.522","60.289","58.752","4,31M","1,28%"
"29.01.2008","59.530","58.597","59.715","58.597","3,44M","1,60%"
"28.01.2008","58.594","57.457","58.721","56.360","3,93M","1,97%"
"24.01.2008","57.463","54.242","57.675","54.242","3,80M","5,95%"
"23.01.2008","54.235","56.098","56.098","53.011","3,72M","-3,32%"
"22.01.2008","56.097","53.705","56.541","53.610","3,65M","4,45%"
"21.01.2008","53.709","57.503","57.503","53.487","3,57M","-6,60%"
"18.01.2008","57.506","57.039","58.291","56.241","5,81M","0,82%"
"17.01.2008","57.037","58.773","59.643","56.734","3,59M","-2,96%"
"16.01.2008","58.777","59.906","59.906","58.077","3,46M","-1,89%"
"15.01.2008","59.907","62.180","62.180","59.897","4,08M","-3,67%"
"14.01.2008","62.188","61.950","62.536","61.643","2,83M","0,40%"
"11.01.2008","61.942","63.514","63.514","61.942","2,92M","-2,48%"
"10.01.2008","63.515","62.677","63.615","62.594","3,23M","1,34%"
"09.01.2008","62.674","62.078","62.674","61.487","3,48M","0,96%"
"08.01.2008","62.081","60.771","62.650","60.771","3,31M","2,15%"
"07.01.2008","60.772","61.054","61.505","60.092","2,22M","-0,43%"
"04.01.2008","61.037","62.898","63.436","60.574","2,61M","-2,95%"
"03.01.2008","62.892","62.814","63.129","62.556","1,90M","0,12%"
"02.01.2008","62.815","63.885","63.906","62.659","2,98M","-1,68%"
"28.12.2007","63.886","63.776","64.124","63.598","2,59M","0,18%"
"27.12.2007","63.774","64.287","64.584","63.590","2,04M","-0,80%"
"26.12.2007","64.288","63.101","64.304","63.101","1,82M","1,89%"
"21.12.2007","63.098","61.725","63.398","61.725","2,45M","2,24%"
"20.12.2007","61.716","61.724","62.467","61.416","4,80M","-0,01%"
"19.12.2007","61.722","61.108","61.734","60.915","3,74M","1,02%"
"18.12.2007","61.096","59.832","61.421","59.414","3,62M","2,12%"
"17.12.2007","59.828","62.445","62.445","59.820","2,24M","-4,19%"
"14.12.2007","62.445","62.868","63.455","62.445","3,05M","-0,66%"
"13.12.2007","62.861","64.735","64.735","62.466","2,94M","-2,90%"
"12.12.2007","64.742","64.512","66.171","64.502","3,12M","0,36%"
"11.12.2007","64.512","65.448","66.451","64.127","4,64M","-1,43%"
"10.12.2007","65.446","65.642","65.874","65.228","3,68M","-0,29%"
"07.12.2007","65.639","65.789","66.529","65.278","2,29M","-0,23%"
"06.12.2007","65.791","64.929","65.791","64.692","3,11M","1,33%"
"05.12.2007","64.928","63.483","65.204","63.483","2,59M","2,28%"
"04.12.2007","63.482","63.203","63.722","62.373","1,95M","0,45%"
"03.12.2007","63.200","63.018","63.682","62.729","1,71M","0,31%"
"30.11.2007","63.006","62.157","63.701","62.157","4,85M","1,37%"
"29.11.2007","62.156","61.720","63.190","61.465","5,98M","0,72%"
"28.11.2007","61.715","59.432","61.858","59.432","6,12M","3,84%"
"27.11.2007","59.432","59.067","59.971","58.096","6,15M","0,61%"
"26.11.2007","59.069","60.973","61.560","59.067","6,20M","-3,12%"
"23.11.2007","60.971","60.662","61.334","60.662","8,92M","0,52%"
"22.11.2007","60.653","60.582","61.102","60.124","2,22M","0,12%"
"21.11.2007","60.582","62.335","62.335","59.847","6,54M","-2,81%"
"19.11.2007","62.336","64.609","64.609","62.321","3,82M","-3,52%"
"16.11.2007","64.609","64.634","64.802","63.627","4,45M","-0,03%"
"14.11.2007","64.631","62.919","64.896","62.919","10,89M","2,71%"
"13.11.2007","62.927","61.526","62.933","61.034","5,98M","2,28%"
"12.11.2007","61.527","64.321","64.321","61.452","5,39M","-4,34%"
"09.11.2007","64.321","63.571","65.281","62.279","6,87M","1,19%"
"08.11.2007","63.562","63.503","65.283","63.140","7,20M","0,10%"
"07.11.2007","63.501","64.503","64.603","63.223","112,10K","-1,55%"
"06.11.2007","64.503","62.967","64.524","62.967","4,56M","2,45%"
"05.11.2007","62.960","64.049","64.049","62.720","9,28M","-1,70%"
"01.11.2007","64.050","65.317","65.317","63.774","6,19M","-1,94%"
"31.10.2007","65.318","64.385","65.949","64.385","4,32M","1,45%"
"30.10.2007","64.383","65.044","65.147","64.264","7,82M","-1,02%"
"29.10.2007","65.044","64.275","65.670","64.275","7,74M","1,20%"
"26.10.2007","64.276","62.346","64.320","62.346","6,24M","3,10%"
"25.10.2007","62.341","62.628","63.206","61.968","6,49M","-0,45%"
"24.10.2007","62.625","62.693","62.816","61.448","7,75M","-0,12%"
"23.10.2007","62.697","61.214","62.773","61.214","7,59M","2,42%"
"22.10.2007","61.215","60.884","61.379","59.473","4,19M","0,53%"
"19.10.2007","60.894","63.270","63.349","60.883","5,45M","-3,74%"
"18.10.2007","63.261","63.192","63.322","61.943","4,54M","0,11%"
"17.10.2007","63.194","61.720","63.194","61.460","7,64M","2,39%"
"16.10.2007","61.718","62.965","62.965","61.565","4,90M","-1,99%"
"15.10.2007","62.969","62.455","63.841","62.411","520,87K","0,82%"
"11.10.2007","62.456","63.197","64.169","61.487","5,27M","-1,17%"
"10.10.2007","63.197","63.550","63.565","62.894","4,72M","-0,55%"
"09.10.2007","63.549","62.661","63.658","62.661","7,51M","1,42%"
"08.10.2007","62.661","62.319","62.725","61.841","4,08M","0,55%"
"05.10.2007","62.319","60.408","62.704","60.408","9,08M","3,17%"
"04.10.2007","60.407","60.102","61.080","59.536","8,71M","0,51%"
"03.10.2007","60.099","62.021","62.021","60.094","6,85M","-3,09%"
"02.10.2007","62.017","62.341","62.356","61.241","6,10M","-0,52%"
"01.10.2007","62.340","60.465","62.355","60.465","15,39M","3,10%"
"28.09.2007","60.465","61.054","61.054","60.086","5,43M","-0,96%"
"27.09.2007","61.052","59.713","61.052","59.713","6,39M","2,24%"
"26.09.2007","59.715","58.859","59.825","58.859","6,10M","1,46%"
"25.09.2007","58.858","58.717","58.862","57.969","3,46M","0,24%"
"24.09.2007","58.719","57.799","58.719","57.799","5,82M","1,59%"
"21.09.2007","57.799","56.919","57.899","56.919","7,36M","1,57%"
"20.09.2007","56.906","57.263","57.609","56.607","4,66M","-0,62%"
"19.09.2007","57.264","56.675","58.079","56.675","7,79M","1,06%"
"18.09.2007","56.666","54.351","56.844","54.351","7,55M","4,28%"
"17.09.2007","54.341","54.671","54.733","53.691","4,18M","-0,60%"
"14.09.2007","54.671","54.909","55.465","54.378","5,84M","-0,43%"
"13.09.2007","54.908","53.883","55.087","53.883","3,63M","1,90%"
"12.09.2007","53.883","53.922","54.622","53.718","5,60M","-0,07%"
"11.09.2007","53.921","52.660","53.954","52.660","4,89M","2,41%"
"10.09.2007","52.653","54.554","54.554","52.321","4,08M","-3,51%"
"06.09.2007","54.569","54.413","55.094","54.413","5,90M","0,30%"
"05.09.2007","54.408","55.243","55.243","54.156","2,83M","-1,53%"
"04.09.2007","55.250","54.834","55.566","54.588","9,58M","0,76%"
"03.09.2007","54.833","54.641","54.998","54.519","5,24M","0,36%"
"31.08.2007","54.637","52.874","54.715","52.874","46,50M","3,37%"
"30.08.2007","52.858","52.728","53.645","52.223","28,67M","0,23%"
"29.08.2007","52.735","51.648","52.810","51.647","20,05M","2,11%"
"28.08.2007","51.645","53.072","53.072","51.390","20,72M","-2,70%"
"27.08.2007","53.078","52.995","53.396","52.502","23,48M","0,15%"
"24.08.2007","52.998","51.845","52.998","51.390","48,70M","2,22%"
"23.08.2007","51.848","51.745","52.351","51.082","18,68M","0,20%"
"22.08.2007","51.745","49.815","51.749","49.815","26,17M","3,87%"
"21.08.2007","49.815","49.208","50.064","48.739","25,61M","1,24%"
"20.08.2007","49.206","48.561","49.574","48.561","40,15M","1,33%"
"17.08.2007","48.559","48.026","49.588","46.877","69,14M","1,13%"
"16.08.2007","48.016","49.281","49.281","44.938","94,94M","-2,58%"
"15.08.2007","49.285","50.912","51.286","49.106","108,09M","-3,19%"
"14.08.2007","50.912","52.434","52.945","50.912","49,40M","-2,90%"
"13.08.2007","52.434","52.647","53.670","52.202","48,39M","-0,39%"
"10.08.2007","52.638","53.431","53.431","51.682","58,81M","-1,48%"
"09.08.2007","53.431","55.213","55.213","53.324","50,74M","-3,28%"
"08.08.2007","55.241","53.804","55.616","53.804","64,40M","2,67%"
"07.08.2007","53.802","53.092","54.113","52.746","37,27M","1,34%"
"06.08.2007","53.091","52.846","53.207","51.317","81,61M","0,46%"
"03.08.2007","52.846","54.697","54.725","52.575","83,12M","-3,37%"
"02.08.2007","54.691","54.245","54.959","54.202","46,54M","0,84%"
"01.08.2007","54.234","54.170","54.234","53.036","60,58M","0,09%"
"31.07.2007","54.183","54.602","55.662","54.169","60,29M","-0,71%"
"30.07.2007","54.573","52.925","54.790","52.925","46,19M","3,12%"
"27.07.2007","52.922","53.893","54.407","52.922","64,17M","-1,80%"
"26.07.2007","53.893","55.998","55.998","52.627","80,24M","-3,76%"
"25.07.2007","56.001","55.797","56.409","54.520","79,98M","0,37%"
"24.07.2007","55.795","58.036","58.057","55.165","61,82M","-3,86%"
"23.07.2007","58.037","57.443","58.070","57.443","40,73M","1,03%"
"20.07.2007","57.443","58.125","58.125","57.103","36,50M","-1,17%"
"19.07.2007","58.125","57.556","58.293","57.556","47,26M","0,99%"
"18.07.2007","57.556","57.660","57.660","56.903","33,93M","-0,18%"
"17.07.2007","57.660","57.376","57.799","57.307","49,24M","0,50%"
"16.07.2007","57.374","57.644","57.666","57.035","51,59M","-0,47%"
"13.07.2007","57.644","57.613","57.983","57.327","49,97M","0,05%"
"12.07.2007","57.613","56.380","57.676","56.378","43,54M","2,23%"
"11.07.2007","56.356","55.882","56.495","55.628","42,58M","0,85%"
"10.07.2007","55.883","56.444","56.544","55.678","50,77M","-0,99%"
"06.07.2007","56.444","55.932","56.444","55.932","39,11M","0,91%"
"05.07.2007","55.932","55.696","55.932","55.345","54,02M","0,42%"
"04.07.2007","55.696","55.698","56.000","55.598","23,83M","-0,01%"
"03.07.2007","55.700","55.371","55.783","55.259","33,76M","0,59%"
"02.07.2007","55.371","54.396","55.386","54.396","67,22M","1,80%"
"29.06.2007","54.392","54.150","54.783","53.958","85,40M","0,45%"
"28.06.2007","54.147","54.154","54.648","54.147","89,19M","0,01%"
"27.06.2007","54.143","53.852","54.164","53.202","86,42M","0,54%"
"26.06.2007","53.852","54.045","54.413","53.842","68,43M","-0,35%"
"25.06.2007","54.042","54.270","54.605","53.605","84,71M","-0,42%"
"22.06.2007","54.267","54.644","54.644","53.952","94,64M","-0,71%"
"21.06.2007","54.657","54.030","54.844","53.911","103,58M","1,16%"
"20.06.2007","54.029","54.644","55.003","54.029","120,53M","-1,12%"
"19.06.2007","54.644","54.730","54.797","54.450","99,30M","-0,16%"
"18.06.2007","54.730","54.519","55.000","54.355","115,68M","0,39%"
"15.06.2007","54.519","53.723","54.726","53.723","123,50M","1,50%"
"14.06.2007","53.713","53.011","53.798","53.009","97,86M","1,36%"
"13.06.2007","52.994","51.799","53.226","51.799","175,65M","2,31%"
"12.06.2007","51.797","52.776","52.776","51.643","75,77M","-1,86%"
"11.06.2007","52.777","52.324","52.952","52.184","81,57M","0,85%"
"08.06.2007","52.330","52.045","52.500","50.885","84,33M","0,54%"
"06.06.2007","52.049","53.162","53.162","51.869","92,94M","-2,09%"
"05.06.2007","53.162","53.245","53.271","52.673","89,87M","-0,15%"
"04.06.2007","53.243","53.423","53.423","52.651","90,06M","-0,34%"
"01.06.2007","53.423","52.271","53.423","52.271","148,69M","2,21%"
"31.05.2007","52.268","52.536","52.877","52.098","125,17M","-0,49%"
"30.05.2007","52.528","51.706","52.595","50.607","140,48M","1,57%"
"29.05.2007","51.713","52.121","52.545","51.271","158,10M","-0,78%"
"28.05.2007","52.120","51.616","52.209","51.616","58,69M","0,97%"
"25.05.2007","51.618","50.541","51.633","50.541","93,92M","2,15%"
"24.05.2007","50.531","51.813","51.891","50.214","104,11M","-2,47%"
"23.05.2007","51.813","52.210","52.505","51.670","177,39M","-0,76%"
"22.05.2007","52.208","52.424","52.561","52.039","54,60M","-0,41%"
"21.05.2007","52.423","52.078","52.691","52.078","128,96M","0,66%"
"18.05.2007","52.078","51.633","52.088","51.499","103,17M","0,86%"
"17.05.2007","51.631","51.741","51.959","51.374","100,34M","-0,21%"
"16.05.2007","51.738","50.518","51.738","50.518","154,95M","2,41%"
"15.05.2007","50.518","50.511","51.042","50.370","88,11M","0,01%"
"14.05.2007","50.511","50.910","51.066","50.298","82,39M","-0,77%"
"11.05.2007","50.902","50.235","51.083","50.235","146,07M","1,33%"
"10.05.2007","50.235","51.298","51.298","50.205","183,38M","-2,08%"
"09.05.2007","51.300","50.277","51.369","50.149","129,55M","2,03%"
"08.05.2007","50.278","50.276","50.369","49.526","58,60M","-0,01%"
"07.05.2007","50.282","50.591","50.618","50.154","30,58M","-0,62%"
"04.05.2007","50.598","50.218","50.898","50.218","48,75M","0,76%"
"03.05.2007","50.218","49.472","50.318","49.472","61,50M","1,51%"
"02.05.2007","49.472","48.955","49.630","48.953","82,44M","1,05%"
"30.04.2007","48.956","49.222","49.482","48.744","155,71M","-0,55%"
"27.04.2007","49.230","49.067","49.232","48.311","97,45M","0,33%"
"26.04.2007","49.068","49.678","49.856","49.060","130,52M","-1,22%"
"25.04.2007","49.676","49.072","49.816","49.072","139,46M","1,23%"
"24.04.2007","49.071","49.162","49.259","48.602","85,15M","-0,19%"
"23.04.2007","49.162","49.409","49.477","49.097","84,80M","-0,50%"
"20.04.2007","49.408","48.763","49.459","48.763","155,98M","1,32%"
"19.04.2007","48.762","48.705","48.837","47.917","168,34M","0,11%"
"18.04.2007","48.710","48.760","49.339","48.456","190,93M","-0,09%"
"17.04.2007","48.755","48.923","49.156","48.631","140,11M","-0,34%"
"16.04.2007","48.921","47.925","49.022","47.925","155,06M","2,08%"
"13.04.2007","47.926","47.347","47.968","47.267","122,91M","1,22%"
"12.04.2007","47.347","46.941","47.389","46.506","117,21M","0,87%"
"11.04.2007","46.939","47.173","47.573","46.680","169,05M","-0,50%"
"10.04.2007","47.174","46.855","47.234","46.822","165,43M","0,68%"
"09.04.2007","46.855","46.650","47.239","46.650","124,57M","0,45%"
"05.04.2007","46.647","46.555","46.767","46.418","113,83M","0,20%"
"04.04.2007","46.554","46.290","46.692","46.113","121,56M","0,57%"
"03.04.2007","46.288","45.601","46.481","45.601","208,96M","1,51%"
"02.04.2007","45.597","45.805","45.805","45.225","141,63M","-0,45%"
"30.03.2007","45.805","45.355","45.805","45.138","124,97M","0,99%"
"29.03.2007","45.355","44.493","45.570","44.493","134,40M","1,96%"
"28.03.2007","44.484","45.204","45.204","44.315","132,18M","-1,60%"
"27.03.2007","45.207","45.646","45.646","45.143","95,10M","-0,96%"
"26.03.2007","45.645","45.533","45.712","44.965","78,42M","0,25%"
"23.03.2007","45.533","45.425","45.759","45.168","82,31M","0,24%"
"22.03.2007","45.424","45.631","45.950","45.272","139,70M","-0,45%"
"21.03.2007","45.631","44.350","45.631","44.350","201,40M","2,89%"
"20.03.2007","44.351","43.713","44.353","43.679","165,68M","1,46%"
"19.03.2007","43.713","42.734","43.714","42.734","142,70M","2,30%"
"16.03.2007","42.730","43.278","43.568","42.598","112,35M","-1,27%"
"15.03.2007","43.278","43.289","43.573","42.951","136,95M","-0,02%"
"14.03.2007","43.288","42.749","43.290","42.051","160,33M","1,26%"
"13.03.2007","42.749","44.249","44.249","42.724","159,22M","-3,39%"
"12.03.2007","44.249","44.133","44.406","43.845","116,19M","0,26%"
"09.03.2007","44.133","43.466","44.173","43.466","129,01M","1,54%"
"08.03.2007","43.466","42.672","43.726","42.672","85,35M","1,87%"
"07.03.2007","42.667","43.224","43.396","42.660","128,35M","-1,28%"
"06.03.2007","43.218","41.192","43.218","41.192","119,20M","4,95%"
"05.03.2007","41.179","42.370","42.370","41.117","123,68M","-2,81%"
"02.03.2007","42.370","43.518","43.518","42.297","199,57M","-2,64%"
"01.03.2007","43.517","43.886","43.886","42.037","131,23M","-0,86%"
"28.02.2007","43.892","43.150","43.923","43.122","176,10M","1,73%"
"27.02.2007","43.145","46.190","46.190","42.571","189,35M","-6,63%"
"26.02.2007","46.207","46.021","46.450","45.885","94,90M","0,42%"
"23.02.2007","46.016","46.452","46.517","45.813","76,53M","-0,94%"
"22.02.2007","46.452","46.097","46.752","46.097","121,58M","0,79%"
"21.02.2007","46.090","45.849","46.095","45.558","73,07M","0,53%"
"20.02.2007","45.849","45.955","45.966","45.614","107,39M","0,00%"
"16.02.2007","45.849","45.955","45.966","45.614","107,39M","-0,23%"
"15.02.2007","45.955","45.996","46.178","45.734","140,01M","-0,09%"
"14.02.2007","45.996","45.198","46.106","45.198","232,27M","1,77%"
"13.02.2007","45.197","43.932","45.197","43.932","116,71M","2,87%"
"12.02.2007","43.935","44.286","44.464","43.850","94,84M","-0,79%"
"09.02.2007","44.284","44.894","45.050","44.180","133,30M","-1,35%"
"08.02.2007","44.892","44.585","44.892","44.070","124,66M","0,68%"
"07.02.2007","44.588","45.352","45.425","44.488","114,29M","-1,68%"
"06.02.2007","45.352","45.287","45.486","45.038","109,40M","0,14%"
"05.02.2007","45.286","44.999","45.286","44.851","79,48M","0,64%"
"02.02.2007","44.998","44.815","45.204","44.597","106,51M","0,41%"
"01.02.2007","44.815","44.642","45.212","44.642","120,50M","0,39%"
"31.01.2007","44.642","44.046","44.643","43.824","131,51M","1,36%"
"30.01.2007","44.044","43.573","44.065","43.508","110,70M","1,08%"
"29.01.2007","43.573","44.414","44.435","43.555","95,14M","-1,89%"
"26.01.2007","44.412","44.687","44.687","43.870","102,46M","-0,61%"
"24.01.2007","44.687","44.177","44.808","44.041","114,65M","1,15%"
"23.01.2007","44.177","43.549","44.243","43.432","109,92M","1,43%"
"22.01.2007","43.553","43.431","43.879","43.183","70,80M","0,29%"
"19.01.2007","43.428","42.477","43.428","42.477","651,00M","2,24%"
"18.01.2007","42.478","42.741","43.402","42.407","97,20M","-0,60%"
"17.01.2007","42.735","42.626","42.930","42.252","73,00M","0,26%"
"16.01.2007","42.624","42.916","42.916","42.415","93,09M","-0,69%"
"15.01.2007","42.919","43.095","43.473","42.875","45,03M","-0,41%"
"12.01.2007","43.095","42.669","43.188","42.526","96,84M","1,00%"
"11.01.2007","42.670","42.336","43.128","41.940","84,17M","0,79%"
"10.01.2007","42.336","42.001","42.336","41.266","110,76M","0,78%"
"09.01.2007","42.007","42.831","43.001","41.438","112,99M","-1,92%"
"08.01.2007","42.830","42.249","42.926","42.144","114,01M","1,38%"
"05.01.2007","42.245","44.019","44.081","42.160","164,06M","-4,03%"
"04.01.2007","44.020","44.442","44.442","43.623","86,58M","-0,96%"
"03.01.2007","44.445","45.379","45.379","44.284","122,37M","-2,07%"
"02.01.2007","45.383","44.476","45.388","44.476","75,56M","2,04%"
"28.12.2006","44.474","44.526","44.675","44.373","113,11M","-0,12%"
"27.12.2006","44.526","43.602","44.526","43.602","101,32M","2,12%"
"26.12.2006","43.603","43.356","43.611","43.356","47,33M","0,57%"
"22.12.2006","43.356","43.385","43.602","43.125","65,73M","-0,07%"
"21.12.2006","43.385","43.505","43.689","43.100","80,74M","-0,27%"
"20.12.2006","43.502","43.592","43.946","43.379","111,49M","-0,20%"
"19.12.2006","43.590","43.038","43.590","42.891","119,39M","0,19%"
"18.12.2006","43.509","43.596","44.048","43.400","138,33M","-0,20%"
"15.12.2006","43.596","43.755","44.263","43.447","140,26M","-0,36%"
"14.12.2006","43.755","43.291","43.797","43.291","155,10M","1,09%"
"13.12.2006","43.285","43.026","43.394","42.783","194,33M","0,62%"
"12.12.2006","43.018","43.297","43.297","42.794","94,21M","-0,64%"
"11.12.2006","43.297","42.968","43.432","42.968","99,18M","0,74%"
"08.12.2006","42.978","42.910","43.303","42.818","66,40M","0,16%"
"07.12.2006","42.909","43.097","43.506","42.758","81,58M","-0,43%"
"06.12.2006","43.096","43.158","43.422","42.831","87,84M","-0,14%"
"05.12.2006","43.157","42.652","43.261","42.636","97,89M","1,18%"
"04.12.2006","42.654","41.329","42.660","41.282","86,58M","3,21%"
"01.12.2006","41.327","41.930","42.095","41.192","84,18M","-1,44%"
"30.11.2006","41.932","41.971","42.175","41.497","141,20M","-0,09%"
"29.11.2006","41.970","41.041","41.988","41.041","146,20M","2,26%"
"28.11.2006","41.043","40.915","41.083","40.428","955,37M","0,31%"
"27.11.2006","40.915","41.758","41.758","40.722","159,52M","-2,02%"
"24.11.2006","41.758","42.071","42.071","41.468","92,54M","-0,74%"
"23.11.2006","42.070","41.913","42.308","41.913","91,75M","0,37%"
"22.11.2006","41.913","41.579","41.951","41.308","109,89M","0,82%"
"21.11.2006","41.570","41.029","41.570","40.986","118,53M","1,32%"
"17.11.2006","41.029","41.164","41.164","40.482","117,27M","-0,32%"
"16.11.2006","41.162","41.296","41.781","41.153","157,41M","-0,31%"
"14.11.2006","41.291","40.607","41.342","40.607","141,77M","1,69%"
"13.11.2006","40.606","40.724","40.724","40.038","116,86M","-0,28%"
"10.11.2006","40.720","40.815","40.942","40.322","163,28M","-0,23%"
"09.11.2006","40.815","41.334","41.813","40.657","140,12M","-1,26%"
"08.11.2006","41.334","41.042","41.345","40.624","142,11M","0,70%"
"07.11.2006","41.048","41.247","41.402","40.863","129,70M","-0,48%"
"06.11.2006","41.247","40.437","41.256","40.437","171,53M","2,01%"
"03.11.2006","40.435","39.930","40.482","39.924","160,85M","1,27%"
"01.11.2006","39.930","39.279","40.104","39.279","151,36M","1,70%"
"31.10.2006","39.263","38.900","39.263","38.880","166,83M","0,93%"
"30.10.2006","38.900","39.327","39.340","38.681","94,53M","-1,09%"
"27.10.2006","39.328","39.640","39.746","39.293","115,17M","-0,80%"
"26.10.2006","39.645","39.563","39.843","39.365","98,57M","0,21%"
"25.10.2006","39.563","39.499","39.721","39.341","122,63M","0,16%"
"24.10.2006","39.499","39.227","39.552","39.091","74,33M","0,69%"
"23.10.2006","39.227","38.643","39.227","38.273","101,06M","1,51%"
"20.10.2006","38.643","38.919","38.958","38.440","71,73M","-0,71%"
"19.10.2006","38.920","38.595","38.940","38.561","3,89M","0,60%"
"18.10.2006","38.686","38.898","39.446","38.557","208,40M","-0,54%"
"17.10.2006","38.898","39.226","39.226","38.672","88,85M","-0,85%"
"16.10.2006","39.229","38.852","39.261","38.672","110,70M","0,98%"
"13.10.2006","38.850","38.328","39.177","38.328","112,58M","1,38%"
"11.10.2006","38.322","38.652","38.652","38.091","87,99M","-0,86%"
"10.10.2006","38.655","38.411","38.778","38.407","119,44M","0,65%"
"09.10.2006","38.406","37.930","38.626","37.736","111,50M","1,23%"
"06.10.2006","37.940","37.976","37.976","37.493","88,62M","-0,10%"
"05.10.2006","37.977","37.750","38.205","37.624","147,09M","0,60%"
"04.10.2006","37.749","36.441","37.780","36.441","201,05M","3,60%"
"03.10.2006","36.438","37.057","37.057","36.438","121,79M","-1,67%"
"02.10.2006","37.058","36.450","37.317","36.450","149,99M","1,67%"
"29.09.2006","36.449","36.486","36.570","36.261","128,96M","-0,10%"
"28.09.2006","36.486","36.105","36.487","36.031","124,88M","1,05%"
"27.09.2006","36.106","35.817","36.114","35.611","152,45M","0,80%"
"26.09.2006","35.819","34.972","35.827","34.972","121,51M","2,42%"
"25.09.2006","34.973","34.803","35.054","34.127","126,96M","0,50%"
"22.09.2006","34.799","34.829","34.897","34.397","131,28M","-0,09%"
"21.09.2006","34.830","35.199","35.332","34.624","198,93M","-1,04%"
"20.09.2006","35.197","35.889","36.069","34.928","153,83M","-1,92%"
"19.09.2006","35.886","36.477","36.487","35.555","115,66M","-1,64%"
"18.09.2006","36.483","36.168","36.670","36.134","68,70M","0,86%"
"15.09.2006","36.170","36.154","36.469","35.878","81,90M","0,05%"
"14.09.2006","36.154","36.548","36.680","36.087","91,09M","-1,08%"
"13.09.2006","36.550","36.147","36.726","36.034","142,78M","1,12%"
"12.09.2006","36.147","35.777","36.147","35.626","127,77M","1,05%"
"11.09.2006","35.772","36.561","36.561","35.666","158,48M","-2,15%"
"08.09.2006","36.558","36.705","36.725","36.495","80,36M","-0,41%"
"06.09.2006","36.710","37.368","37.368","36.710","99,02M","-1,76%"
"05.09.2006","37.368","37.693","37.693","37.271","104,15M","-0,86%"
"04.09.2006","37.693","37.330","37.739","37.287","83,71M","0,98%"
"01.09.2006","37.329","36.232","37.329","36.232","98,95M","3,03%"
"31.08.2006","36.232","36.313","36.606","36.013","152,05M","-0,22%"
"30.08.2006","36.313","36.303","36.520","36.125","144,24M","0,03%"
"29.08.2006","36.304","36.384","36.617","36.013","59,39M","-0,19%"
"28.08.2006","36.375","35.958","36.389","35.649","78,68M","1,16%"
"25.08.2006","35.958","35.795","36.128","35.586","89,31M","0,45%"
"24.08.2006","35.797","35.514","35.872","35.123","89,26M","0,80%"
"23.08.2006","35.512","36.675","36.690","35.512","145,26M","-3,18%"
"22.08.2006","36.678","37.161","37.255","36.511","86,33M","-1,30%"
"21.08.2006","37.161","37.550","37.550","37.139","115,89M","-1,04%"
"18.08.2006","37.552","37.559","37.589","37.178","76,32M","-0,02%"
"17.08.2006","37.559","37.451","38.022","37.402","106,44M","-0,32%"
"16.08.2006","37.678","37.296","37.697","37.210","242,52M","1,02%"
"15.08.2006","37.296","36.559","37.417","36.559","114,35M","2,02%"
"14.08.2006","36.557","36.950","37.184","36.490","71,85M","-1,05%"
"11.08.2006","36.944","37.354","37.502","36.886","74,68M","-1,10%"
"10.08.2006","37.354","37.255","37.423","36.929","100,39M","0,26%"
"09.08.2006","37.255","37.602","38.086","37.180","112,21M","-0,92%"
"08.08.2006","37.600","37.699","38.081","37.532","101,67M","-0,26%"
"07.08.2006","37.698","37.845","37.879","37.518","65,29M","-0,40%"
"04.08.2006","37.848","37.462","38.172","37.462","73,28M","1,06%"
"03.08.2006","37.451","37.288","37.688","36.893","77,65M","0,44%"
"02.08.2006","37.288","36.843","37.481","36.834","102,12M","1,22%"
"01.08.2006","36.839","37.077","37.084","36.536","83,48M","-0,64%"
"31.07.2006","37.077","37.381","37.399","37.077","66,82M","-0,81%"
"28.07.2006","37.381","36.886","37.522","36.841","126,32M","1,34%"
"27.07.2006","36.888","36.595","37.112","36.593","72,16M","0,80%"
"26.07.2006","36.594","36.681","36.951","36.475","73,27M","-0,24%"
"25.07.2006","36.681","36.223","36.709","36.011","127,24M","1,26%"
"24.07.2006","36.224","35.525","36.283","35.525","79,44M","2,01%"
"21.07.2006","35.510","35.847","36.144","35.307","80,68M","-0,94%"
"20.07.2006","35.847","36.786","37.043","35.847","83,30M","-2,55%"
"19.07.2006","36.785","35.136","36.785","35.136","155,67M","4,71%"
"18.07.2006","35.130","34.871","35.311","34.591","85,04M","0,76%"
"17.07.2006","34.866","35.344","35.469","34.814","67,46M","-1,37%"
"14.07.2006","35.350","35.353","35.651","35.001","57,67M","-0,01%"
"13.07.2006","35.354","36.221","36.221","35.344","65,27M","-2,42%"
"12.07.2006","36.230","36.555","36.747","36.189","79,27M","-0,89%"
"11.07.2006","36.554","36.137","36.581","35.590","95,57M","1,14%"
"10.07.2006","36.141","36.107","36.427","35.863","63,70M","0,11%"
"07.07.2006","36.102","36.541","36.796","35.850","85,91M","-1,18%"
"06.07.2006","36.533","36.380","36.993","36.380","78,52M","0,43%"
"05.07.2006","36.378","37.366","37.366","36.304","160,32M","-2,65%"
"04.07.2006","37.367","37.358","37.601","37.188","65,93M","0,03%"
"03.07.2006","37.357","36.629","37.402","36.534","100,36M","1,98%"
"30.06.2006","36.631","36.487","37.036","36.359","121,98M","0,39%"
"29.06.2006","36.487","34.835","36.487","34.835","127,97M","4,74%"
"28.06.2006","34.835","34.374","34.837","34.349","93,09M","1,34%"
"27.06.2006","34.376","34.631","35.015","34.368","65,65M","-0,74%"
"26.06.2006","34.631","34.663","34.875","34.584","87,96M","-0,09%"
"23.06.2006","34.661","34.314","34.864","33.880","74,79M","1,00%"
"22.06.2006","34.317","34.544","34.714","34.226","61,81M","-0,67%"
"21.06.2006","34.547","33.632","34.601","33.216","103,93M","2,72%"
"20.06.2006","33.632","33.897","34.156","33.568","84,38M","-0,78%"
"19.06.2006","33.897","34.407","34.669","33.549","93,06M","-1,46%"
"16.06.2006","34.399","32.942","34.543","32.942","103,57M","4,42%"
"14.06.2006","32.941","32.848","33.474","32.057","253,85M","0,29%"
"13.06.2006","32.848","33.535","33.582","32.824","151,01M","-2,11%"
"12.06.2006","33.555","35.083","35.266","33.537","131,20M","-4,33%"
"09.06.2006","35.075","35.438","36.181","35.075","78,63M","-1,02%"
"08.06.2006","35.438","35.262","35.608","34.360","208,85M","0,49%"
"07.06.2006","35.264","36.559","36.771","35.262","128,22M","-3,54%"
"06.06.2006","36.558","36.740","36.740","35.673","161,54M","-0,50%"
"05.06.2006","36.740","37.939","37.976","36.670","90,08M","-3,17%"
"02.06.2006","37.942","37.750","38.437","37.411","180,04M","0,51%"
"01.06.2006","37.748","36.531","37.748","36.502","142,62M","3,33%"
"31.05.2006","36.530","36.414","37.216","36.362","188,73M","0,32%"
"30.05.2006","36.413","38.149","38.149","36.413","143,09M","-4,54%"
"29.05.2006","38.145","38.634","38.734","38.055","32,60M","-1,25%"
"26.05.2006","38.630","37.574","38.630","37.574","176,94M","2,82%"
"25.05.2006","37.569","35.794","37.569","35.794","157,32M","4,96%"
"24.05.2006","35.792","36.104","36.341","34.911","191,74M","-0,88%"
"23.05.2006","36.110","36.498","37.567","36.099","211,21M","-1,06%"
"22.05.2006","36.497","37.732","37.732","35.664","233,98M","-3,28%"
"19.05.2006","37.733","37.820","38.465","37.325","210,34M","-0,20%"
"18.05.2006","37.807","38.290","38.591","37.807","184,47M","-1,26%"
"17.05.2006","38.291","39.411","39.411","38.099","214,45M","-2,86%"
"16.05.2006","39.416","39.271","39.953","38.923","113,94M","0,37%"
"15.05.2006","39.271","39.688","40.209","38.871","127,76M","-2,37%"
"12.05.2006","40.223","40.847","40.862","40.121","113,59M","-1,53%"
"11.05.2006","40.847","41.758","42.062","40.777","142,97M","-2,17%"
"10.05.2006","41.752","41.981","41.985","41.418","134,10M","-0,54%"
"09.05.2006","41.979","41.505","42.016","41.446","349,07M","1,12%"
"08.05.2006","41.515","41.417","41.693","41.095","106,21M","0,24%"
"05.05.2006","41.417","40.976","41.449","40.976","141,00M","1,08%"
"04.05.2006","40.976","40.926","41.258","40.894","133,38M","0,14%"
"03.05.2006","40.920","41.016","41.068","40.574","116,27M","-0,24%"
"02.05.2006","41.017","40.365","41.017","40.277","121,12M","1,62%"
"28.04.2006","40.363","39.752","40.425","39.752","174,16M","1,54%"
"27.04.2006","39.751","40.410","40.410","39.631","126,51M","-1,63%"
"26.04.2006","40.410","39.739","40.422","39.739","104,24M","1,69%"
"25.04.2006","39.738","39.753","39.953","39.577","72,65M","-0,03%"
"24.04.2006","39.751","39.775","40.089","39.616","84,98M","-0,06%"
"20.04.2006","39.775","39.941","40.278","39.435","120,67M","-0,41%"
"19.04.2006","39.938","39.581","40.026","39.492","85,19M","0,92%"
"18.04.2006","39.572","38.466","39.584","38.466","134,76M","2,89%"
"17.04.2006","38.462","38.086","38.698","38.086","107,05M","1,00%"
"13.04.2006","38.082","38.426","38.479","37.984","79,02M","-0,90%"
"12.04.2006","38.427","37.901","38.448","37.816","177,30M","1,39%"
"11.04.2006","37.901","38.478","38.885","37.823","137,33M","-1,49%"
"10.04.2006","38.475","38.927","38.927","38.239","120,48M","-1,16%"
"07.04.2006","38.926","39.285","39.397","38.630","169,99M","-0,91%"
"06.04.2006","39.285","39.053","39.310","38.700","140,74M","0,59%"
"05.04.2006","39.053","38.803","39.054","38.475","158,41M","0,65%"
"04.04.2006","38.802","38.718","39.086","38.606","127,33M","0,22%"
"03.04.2006","38.717","37.952","38.851","37.952","95,11M","2,02%"
"31.03.2006","37.952","37.783","38.016","37.619","118,95M","0,46%"
"30.03.2006","37.777","37.493","38.089","37.469","114,60M","0,76%"
"29.03.2006","37.492","36.684","37.492","36.684","157,24M","2,21%"
"28.03.2006","36.682","37.640","37.731","36.682","169,63M","-2,55%"
"27.03.2006","37.641","37.577","37.893","37.153","122,45M","0,17%"
"24.03.2006","37.577","37.473","37.775","37.301","86,83M","0,28%"
"23.03.2006","37.474","37.850","38.128","37.207","199,64M","-1,00%"
"22.03.2006","37.851","37.398","37.851","37.156","104,88M","1,21%"
"21.03.2006","37.398","38.204","38.204","37.351","134,39M","-2,11%"
"20.03.2006","38.204","38.049","38.500","37.978","101,77M","0,41%"
"17.03.2006","38.049","38.159","38.268","37.769","100,44M","-0,28%"
"16.03.2006","38.157","38.245","38.578","37.962","145,58M","-0,23%"
"15.03.2006","38.244","37.546","38.341","37.543","144,00M","1,87%"
"14.03.2006","37.541","36.789","37.541","36.417","118,40M","2,03%"
"13.03.2006","36.793","36.891","37.259","36.513","98,37M","-0,26%"
"10.03.2006","36.891","36.328","37.161","36.218","82,28M","1,59%"
"09.03.2006","36.312","37.289","37.739","36.085","112,32M","-2,62%"
"08.03.2006","37.289","37.421","37.421","36.446","139,70M","-0,36%"
"07.03.2006","37.423","38.350","38.350","37.130","150,70M","-2,43%"
"06.03.2006","38.354","39.241","39.395","38.348","125,16M","-2,26%"
"03.03.2006","39.240","39.129","39.356","38.716","96,08M","0,29%"
"02.03.2006","39.126","39.182","39.367","38.989","86,85M","-0,13%"
"01.03.2006","39.178","38.610","39.203","38.533","79,53M","1,47%"
"24.02.2006","38.610","38.406","38.610","38.337","107,63M","0,53%"
"23.02.2006","38.405","38.242","38.522","37.747","110,07M","0,42%"
"22.02.2006","38.246","38.166","38.633","38.056","81,86M","0,21%"
"21.02.2006","38.166","38.541","38.978","38.166","114,12M","-0,97%"
"20.02.2006","38.539","38.418","38.678","38.032","73,39M","0,31%"
"17.02.2006","38.422","38.256","38.642","38.256","111,94M","0,43%"
"16.02.2006","38.256","37.245","38.268","37.245","176,53M","2,73%"
"15.02.2006","37.239","36.629","37.447","36.422","168,41M","1,67%"
"14.02.2006","36.627","36.117","36.734","35.891","157,39M","1,42%"
"13.02.2006","36.114","36.975","37.076","36.114","130,28M","-2,33%"
"10.02.2006","36.975","36.886","37.813","36.633","246,05M","0,25%"
"09.02.2006","36.882","36.501","37.177","36.501","199,89M","1,05%"
"08.02.2006","36.499","36.553","36.784","36.183","142,04M","-0,17%"
"07.02.2006","36.562","37.320","37.376","36.556","111,07M","-2,04%"
"06.02.2006","37.321","37.262","37.776","37.229","130,71M","0,16%"
"03.02.2006","37.262","37.304","37.609","36.526","115,44M","-0,11%"
"02.02.2006","37.304","38.482","38.508","37.237","166,78M","-3,07%"
"01.02.2006","38.485","38.382","38.500","37.886","263,91M","0,27%"
"31.01.2006","38.383","38.243","38.456","37.630","137,33M","0,37%"
"30.01.2006","38.242","37.824","38.276","37.501","103,24M","1,11%"
"27.01.2006","37.822","38.018","38.804","37.688","146,82M","-0,51%"
"26.01.2006","38.014","37.402","38.031","37.402","168,27M","1,64%"
"24.01.2006","37.400","36.632","37.428","36.632","108,83M","2,10%"
"23.01.2006","36.632","36.687","36.771","36.213","104,57M","-0,17%"
"20.01.2006","36.695","36.857","36.938","36.432","124,84M","-0,44%"
"19.01.2006","36.858","35.813","36.979","35.813","110,28M","2,94%"
"18.01.2006","35.805","36.115","36.115","35.380","94,83M","-0,87%"
"17.01.2006","36.119","36.534","36.534","35.817","157,51M","-1,13%"
"16.01.2006","36.534","35.897","36.534","35.891","63,80M","1,77%"
"13.01.2006","35.897","35.779","35.951","35.480","95,44M","0,33%"
"12.01.2006","35.779","35.953","36.286","35.641","113,64M","-0,48%"
"11.01.2006","35.952","35.050","35.953","35.050","147,85M","2,58%"
"10.01.2006","35.049","35.338","35.338","34.687","136,99M","-0,81%"
"09.01.2006","35.337","35.475","35.601","35.108","108,99M","-0,39%"
"06.01.2006","35.475","35.170","35.529","34.940","115,09M","1,54%"
"05.01.2006","34.936","35.006","35.088","34.681","142,07M","-0,19%"
"04.01.2006","35.002","34.540","35.223","34.540","147,13M","1,34%"
"03.01.2006","34.541","33.507","34.563","33.507","148,38M","3,08%"
"02.01.2006","33.507","33.462","33.519","32.860","72,32M","0,15%"
"29.12.2005","33.456","33.137","33.456","33.137","110,34M","0,96%"
"28.12.2005","33.138","33.371","33.463","32.965","112,69M","-0,70%"
"27.12.2005","33.371","33.297","33.631","33.239","74,00M","0,22%"
"26.12.2005","33.298","33.331","33.435","33.140","22,00M","-0,10%"
"23.12.2005","33.331","33.509","33.575","33.280","49,96M","-0,54%"
"22.12.2005","33.513","33.521","33.652","33.463","74,56M","-0,01%"
"21.12.2005","33.517","33.068","33.553","33.068","139,10M","1,36%"
"20.12.2005","33.067","33.008","33.140","32.768","112,52M","0,19%"
"19.12.2005","33.005","33.284","33.496","32.908","115,92M","-0,86%"
"16.12.2005","33.292","33.193","33.579","33.193","93,62M","0,30%"
"15.12.2005","33.193","33.625","33.799","33.103","96,48M","-1,30%"
"14.12.2005","33.629","33.420","33.837","33.369","155,17M","0,63%"
"13.12.2005","33.420","32.971","33.432","32.835","174,91M","1,36%"
"12.12.2005","32.971","32.925","33.299","32.868","97,41M","0,15%"
"09.12.2005","32.922","32.483","32.971","32.483","88,68M","1,36%"
"08.12.2005","32.480","32.756","32.997","32.476","128,83M","-0,84%"
"07.12.2005","32.757","33.225","33.271","32.649","125,45M","-1,40%"
"06.12.2005","33.223","32.712","33.332","32.712","141,79M","1,60%"
"05.12.2005","32.701","32.835","32.910","32.547","110,17M","-0,40%"
"02.12.2005","32.832","32.617","32.936","32.617","120,77M","0,66%"
"01.12.2005","32.617","31.921","32.700","31.921","144,70M","2,19%"
"30.11.2005","31.917","31.652","31.918","31.296","110,29M","0,84%"
"29.11.2005","31.652","31.360","31.767","31.360","79,48M","0,94%"
"28.11.2005","31.358","31.920","32.350","31.337","89,65M","-1,76%"
"25.11.2005","31.920","31.947","32.059","31.840","55,34M","-0,08%"
"24.11.2005","31.945","31.938","32.123","31.678","84,73M","0,01%"
"23.11.2005","31.943","31.489","32.014","31.489","113,46M","1,44%"
"22.11.2005","31.489","31.110","31.500","30.473","112,84M","1,22%"
"21.11.2005","31.110","31.102","31.291","30.969","76,59M","0,02%"
"18.11.2005","31.102","31.087","31.180","30.887","61,75M","0,05%"
"17.11.2005","31.087","30.483","31.248","30.483","74,03M","1,98%"
"16.11.2005","30.482","30.219","30.516","30.157","66,16M","0,87%"
"14.11.2005","30.219","30.510","30.510","29.948","35,51M","-0,96%"
"11.11.2005","30.511","30.722","30.746","30.385","69,37M","-0,70%"
"10.11.2005","30.725","30.665","30.726","30.218","135,37M","0,19%"
"09.11.2005","30.666","30.971","31.232","30.493","71,38M","-0,98%"
"08.11.2005","30.971","30.951","31.078","30.587","75,75M","0,06%"
"07.11.2005","30.952","30.888","31.363","30.728","102,68M","0,21%"
"04.11.2005","30.888","31.080","31.234","30.584","96,99M","-0,68%"
"03.11.2005","31.100","30.899","31.487","30.899","118,57M","0,65%"
"01.11.2005","30.900","30.194","30.981","30.194","133,76M","2,34%"
"31.10.2005","30.194","29.333","30.252","29.333","103,81M","2,99%"
"28.10.2005","29.318","29.133","29.567","29.133","96,84M","0,64%"
"27.10.2005","29.133","29.730","29.842","29.005","98,54M","-2,01%"
"26.10.2005","29.730","29.492","29.971","29.244","127,61M","0,79%"
"25.10.2005","29.498","29.837","30.095","29.396","107,33M","-1,13%"
"24.10.2005","29.835","29.176","29.835","29.120","101,45M","2,26%"
"21.10.2005","29.176","28.346","29.176","28.346","126,54M","2,93%"
"20.10.2005","28.344","29.300","29.975","28.161","151,79M","-3,25%"
"19.10.2005","29.297","29.072","29.558","28.596","131,58M","0,79%"
"18.10.2005","29.068","30.241","30.451","29.068","115,75M","-3,88%"
"17.10.2005","30.242","29.777","30.377","29.777","115,26M","1,58%"
"14.10.2005","29.770","29.880","30.251","29.090","112,51M","-0,37%"
"13.10.2005","29.880","30.561","30.561","29.337","166,34M","-2,40%"
"11.10.2005","30.614","30.275","30.775","30.275","148,29M","1,11%"
"10.10.2005","30.277","29.982","30.502","29.982","106,64M","1,02%"
"07.10.2005","29.973","29.227","30.213","29.227","115,58M","2,55%"
"06.10.2005","29.227","30.165","30.241","28.893","167,10M","-3,10%"
"05.10.2005","30.164","31.272","31.272","30.118","122,33M","-3,58%"
"04.10.2005","31.284","31.857","32.052","31.235","197,57M","-1,80%"
"03.10.2005","31.856","31.582","31.985","31.542","139,64M","0,86%"
"30.09.2005","31.584","31.209","31.584","31.135","134,16M","1,20%"
"29.09.2005","31.209","31.318","31.524","30.839","122,12M","-0,35%"
"28.09.2005","31.317","30.879","31.405","30.879","127,07M","1,43%"
"27.09.2005","30.875","31.146","31.219","30.593","126,12M","-0,86%"
"26.09.2005","31.141","31.301","31.565","30.957","133,02M","-0,49%"
"23.09.2005","31.294","30.683","31.371","30.683","242,24M","2,01%"
"22.09.2005","30.678","30.839","30.931","30.422","113,99M","-0,52%"
"21.09.2005","30.837","30.059","30.890","29.815","159,29M","2,59%"
"20.09.2005","30.059","30.076","30.370","29.889","179,79M","-0,06%"
"19.09.2005","30.076","29.816","30.076","29.715","140,10M","0,87%"
"16.09.2005","29.816","29.368","29.863","29.368","91,36M","1,53%"
"15.09.2005","29.366","29.048","29.561","29.048","102,84M","1,09%"
"14.09.2005","29.050","28.874","29.152","28.842","106,96M","0,61%"
"13.09.2005","28.873","29.084","29.194","28.814","94,85M","-0,73%"
"12.09.2005","29.086","29.308","29.331","28.991","61,77M","-0,76%"
"09.09.2005","29.308","28.837","29.387","28.820","87,45M","1,66%"
"08.09.2005","28.828","28.855","28.956","28.709","58,77M","-0,09%"
"06.09.2005","28.855","28.523","28.855","28.338","87,36M","1,17%"
"05.09.2005","28.522","28.322","28.579","28.322","46,13M","0,72%"
"02.09.2005","28.319","27.972","28.347","27.972","109,50M","1,28%"
"01.09.2005","27.962","28.044","28.237","27.799","102,02M","-0,29%"
"31.08.2005","28.045","27.626","28.072","27.626","149,62M","1,60%"
"30.08.2005","27.604","27.385","27.619","27.339","69,51M","0,80%"
"29.08.2005","27.385","27.113","27.432","26.981","61,09M","1,07%"
"26.08.2005","27.095","27.397","27.422","27.008","74,29M","-1,12%"
"25.08.2005","27.402","26.712","27.403","26.712","105,80M","2,58%"
"24.08.2005","26.712","26.769","26.862","26.479","96,06M","-0,21%"
"23.08.2005","26.769","27.261","27.264","26.648","66,39M","-1,80%"
"22.08.2005","27.261","26.647","27.287","26.647","87,56M","2,32%"
"19.08.2005","26.644","26.909","27.183","26.129","188,77M","-0,95%"
"18.08.2005","26.900","27.395","27.419","26.806","105,88M","-1,88%"
"17.08.2005","27.416","27.084","27.519","27.057","231,51M","1,24%"
"16.08.2005","27.080","27.376","27.696","26.967","127,78M","-1,08%"
"15.08.2005","27.375","26.960","27.413","26.944","136,16M","1,57%"
"12.08.2005","26.951","26.629","26.951","25.734","133,06M","1,19%"
"11.08.2005","26.633","27.099","27.512","26.494","148,34M","-1,78%"
"10.08.2005","27.117","27.291","27.606","26.935","143,98M","-0,64%"
"09.08.2005","27.291","26.711","27.291","26.711","87,22M","2,17%"
"08.08.2005","26.711","26.521","26.985","26.521","86,05M","0,73%"
"05.08.2005","26.518","26.469","26.881","26.350","81,67M","0,18%"
"04.08.2005","26.470","26.714","26.960","26.440","75,29M","-0,91%"
"03.08.2005","26.714","26.789","27.317","26.638","120,85M","-0,28%"
"02.08.2005","26.789","26.325","26.824","26.325","111,58M","1,87%"
"01.08.2005","26.298","26.042","26.452","25.911","105,83M","0,98%"
"29.07.2005","26.042","26.065","26.306","25.946","115,05M","-0,10%"
"28.07.2005","26.068","25.340","26.125","25.340","144,82M","2,88%"
"27.07.2005","25.338","24.882","25.362","24.774","150,58M","1,89%"
"26.07.2005","24.868","24.506","24.899","24.328","158,98M","1,38%"
"25.07.2005","24.531","25.388","25.388","24.410","218,22M","-3,39%"
"22.07.2005","25.391","25.834","25.848","25.244","166,89M","-1,75%"
"21.07.2005","25.842","25.706","25.964","25.505","109,50M","0,54%"
"20.07.2005","25.705","25.268","25.795","24.970","130,63M","1,72%"
"19.07.2005","25.271","25.312","25.312","24.960","119,27M","-0,20%"
"18.07.2005","25.321","25.222","25.412","24.916","52,17M","0,39%"
"15.07.2005","25.222","25.916","25.916","25.222","72,88M","-2,69%"
"14.07.2005","25.920","25.859","26.142","25.725","113,35M","0,25%"
"13.07.2005","25.856","25.557","26.043","25.557","107,28M","1,25%"
"12.07.2005","25.536","25.027","25.576","24.932","94,91M","2,08%"
"11.07.2005","25.016","24.425","25.032","24.425","100,42M","2,43%"
"08.07.2005","24.423","24.452","24.657","24.287","142,73M","-0,11%"
"07.07.2005","24.450","24.513","24.603","24.192","103,32M","-0,27%"
"06.07.2005","24.517","24.677","24.677","24.267","135,93M","-0,64%"
"05.07.2005","24.675","25.042","25.059","24.526","154,51M","-1,48%"
"04.07.2005","25.045","25.314","25.314","24.899","28,09M","-1,05%"
"01.07.2005","25.311","25.051","25.409","25.047","51,03M","1,04%"
"30.06.2005","25.051","25.132","25.279","25.051","70,92M","-0,30%"
"29.06.2005","25.126","25.267","25.451","25.031","53,12M","-0,53%"
"28.06.2005","25.261","25.226","25.454","25.098","71,92M","0,14%"
"27.06.2005","25.226","24.917","25.306","24.640","60,29M","1,24%"
"24.06.2005","24.917","24.811","25.011","24.725","57,69M","0,41%"
"23.06.2005","24.816","25.678","25.704","24.816","150,38M","-3,36%"
"22.06.2005","25.678","25.730","25.755","25.324","82,46M","-0,17%"
"21.06.2005","25.722","26.046","26.130","25.578","113,73M","-1,24%"
"20.06.2005","26.046","26.093","26.142","25.764","74,12M","-0,18%"
"17.06.2005","26.093","25.752","26.267","25.752","151,34M","1,33%"
"16.06.2005","25.751","25.479","25.895","25.479","112,95M","1,06%"
"15.06.2005","25.481","25.744","25.744","24.916","172,37M","-1,02%"
"14.06.2005","25.744","24.898","25.789","24.330","240,23M","3,38%"
"13.06.2005","24.902","24.955","25.309","24.846","78,26M","-0,20%"
"10.06.2005","24.951","24.484","25.049","24.484","71,08M","1,91%"
"09.06.2005","24.484","24.702","24.702","24.224","134,46M","-0,88%"
"08.06.2005","24.702","25.026","25.423","24.645","103,16M","-1,30%"
"07.06.2005","25.026","25.556","25.556","24.933","140,64M","-2,07%"
"06.06.2005","25.556","26.363","26.363","25.217","126,94M","-3,07%"
"03.06.2005","26.366","26.642","26.692","26.145","140,71M","-1,03%"
"02.06.2005","26.640","25.950","26.755","25.930","199,89M","2,66%"
"01.06.2005","25.949","25.209","25.993","25.209","155,22M","2,94%"
"31.05.2005","25.207","25.426","25.633","25.154","115,39M","-0,85%"
"30.05.2005","25.424","25.248","25.616","25.215","50,57M","0,67%"
"27.05.2005","25.255","24.480","25.270","24.480","110,95M","3,17%"
"25.05.2005","24.478","24.541","24.682","24.345","98,21M","-0,27%"
"24.05.2005","24.545","24.215","24.583","24.012","131,76M","1,36%"
"23.05.2005","24.215","24.525","24.586","24.208","72,22M","-1,25%"
"20.05.2005","24.522","24.827","24.836","24.494","55,83M","-1,23%"
"19.05.2005","24.829","24.882","24.882","24.530","80,97M","-0,28%"
"18.05.2005","24.898","24.410","24.967","24.410","111,18M","1,99%"
"17.05.2005","24.413","24.362","24.513","24.024","73,14M","0,14%"
"16.05.2005","24.379","23.883","24.381","23.765","98,37M","2,06%"
"13.05.2005","23.887","24.115","24.260","23.680","144,51M","-0,95%"
"12.05.2005","24.117","24.699","24.923","23.985","124,49M","-2,35%"
"11.05.2005","24.699","24.765","24.837","24.290","126,73M","-0,26%"
"10.05.2005","24.763","25.467","25.530","24.636","114,02M","-2,76%"
"09.05.2005","25.465","25.593","25.623","25.404","109,88M","-0,49%"
"06.05.2005","25.589","25.437","25.808","25.437","113,83M","0,60%"
"05.05.2005","25.436","25.478","25.697","25.225","145,68M","-0,15%"
"04.05.2005","25.474","24.738","25.560","24.738","121,03M","3,07%"
"03.05.2005","24.716","24.711","24.926","24.548","104,69M","0,04%"
"02.05.2005","24.705","24.847","24.904","24.468","141,19M","-0,56%"
"29.04.2005","24.844","24.454","24.858","24.154","254,07M","1,65%"
"28.04.2005","24.440","25.238","25.238","24.423","225,90M","-3,18%"
"27.04.2005","25.242","25.295","25.295","24.886","151,30M","-0,25%"
"26.04.2005","25.305","25.232","25.563","25.067","96,44M","0,29%"
"25.04.2005","25.232","24.769","25.297","24.744","86,27M","1,88%"
"22.04.2005","24.767","25.062","25.428","24.691","92,95M","-1,18%"
"20.04.2005","25.062","25.566","25.692","24.954","99,01M","-1,97%"
"19.04.2005","25.566","24.877","25.566","24.877","122,09M","2,77%"
"18.04.2005","24.877","24.656","24.965","24.420","78,86M","0,90%"
"15.04.2005","24.656","25.000","25.115","24.575","102,18M","-1,31%"
"14.04.2005","24.984","26.069","26.113","24.949","136,64M","-4,15%"
"13.04.2005","26.066","26.206","26.579","26.057","290,56M","-0,53%"
"12.04.2005","26.206","25.900","26.324","25.611","147,36M","1,18%"
"11.04.2005","25.900","25.884","25.943","25.695","55,06M","0,06%"
"08.04.2005","25.885","26.305","26.310","25.826","59,63M","-1,61%"
"07.04.2005","26.308","25.695","26.308","25.656","142,81M","2,38%"
"06.04.2005","25.695","26.038","26.254","25.615","102,71M","-1,32%"
"05.04.2005","26.038","26.407","26.724","25.965","112,51M","-1,39%"
"04.04.2005","26.407","26.770","26.770","26.204","95,24M","-1,37%"
"01.04.2005","26.774","26.612","27.178","26.612","99,39M","0,61%"
"31.03.2005","26.611","26.471","26.768","26.259","81,35M","0,53%"
"30.03.2005","26.470","25.861","26.470","25.861","102,33M","2,43%"
"29.03.2005","25.842","26.259","26.620","25.761","99,53M","-1,58%"
"28.03.2005","26.257","26.705","26.705","26.224","85,06M","-1,66%"
"24.03.2005","26.702","26.267","26.827","26.267","77,79M","1,73%"
"23.03.2005","26.248","26.613","26.792","26.131","117,33M","-1,39%"
"22.03.2005","26.618","27.419","27.844","26.480","138,19M","-2,89%"
"21.03.2005","27.411","27.587","27.633","27.214","89,75M","-0,66%"
"18.03.2005","27.593","28.088","28.174","27.498","132,58M","-1,75%"
"17.03.2005","28.086","27.824","28.162","27.319","98,46M","0,93%"
"16.03.2005","27.827","27.587","27.841","27.260","128,15M","0,87%"
"15.03.2005","27.588","28.107","28.300","27.455","118,12M","-1,82%"
"14.03.2005","28.099","28.075","28.135","27.715","123,75M","0,09%"
"11.03.2005","28.075","28.567","28.932","28.008","180,42M","-1,72%"
"10.03.2005","28.567","28.511","28.682","28.049","265,02M","0,19%"
"09.03.2005","28.514","29.018","29.058","28.381","134,41M","-1,75%"
"08.03.2005","29.021","29.452","29.452","28.883","152,15M","-1,47%"
"07.03.2005","29.455","29.464","29.584","29.183","138,84M","0,88%"
"04.03.2005","29.197","28.676","29.228","28.676","228,27M","1,84%"
"03.03.2005","28.668","28.204","28.766","28.204","107,09M","1,66%"
"02.03.2005","28.200","27.730","28.200","27.498","82,65M","1,69%"
"01.03.2005","27.730","28.135","28.137","27.643","102,72M","-1,45%"
"28.02.2005","28.139","28.423","28.555","27.799","71,01M","-1,01%"
"25.02.2005","28.425","28.429","28.778","28.178","117,64M","-0,04%"
"24.02.2005","28.436","27.198","28.436","27.198","173,35M","4,55%"
"23.02.2005","27.198","26.746","27.198","26.746","130,55M","1,71%"
"22.02.2005","26.740","26.856","27.329","26.620","182,97M","-0,42%"
"21.02.2005","26.853","26.730","27.094","26.698","60,65M","0,36%"
"18.02.2005","26.756","27.086","27.184","26.707","96,45M","-1,24%"
"17.02.2005","27.091","26.385","27.159","26.385","149,00M","2,68%"
"16.02.2005","26.384","26.611","26.683","26.312","302,53M","-0,85%"
"15.02.2005","26.610","26.532","26.660","26.212","115,63M","0,29%"
"14.02.2005","26.532","26.660","26.753","26.321","105,93M","-0,52%"
"11.02.2005","26.671","26.414","26.786","26.132","145,81M","0,96%"
"10.02.2005","26.416","26.314","26.456","25.882","111,85M","0,39%"
"09.02.2005","26.314","25.733","26.314","25.733","79,78M","2,26%"
"04.02.2005","25.732","24.874","25.736","24.818","140,40M","3,45%"
"03.02.2005","24.874","24.606","24.896","24.548","87,13M","1,09%"
"02.02.2005","24.605","24.150","24.624","24.139","110,71M","1,89%"
"01.02.2005","24.149","24.392","24.506","24.073","133,94M","-0,84%"
"31.01.2005","24.353","23.970","24.399","23.970","74,03M","1,61%"
"28.01.2005","23.968","24.006","24.056","23.595","125,49M","-0,26%"
"27.01.2005","24.030","24.529","24.529","23.869","133,42M","-2,04%"
"26.01.2005","24.530","24.207","24.555","24.207","95,26M","1,37%"
"24.01.2005","24.198","23.819","24.302","23.813","64,59M","1,59%"
"21.01.2005","23.818","23.618","24.006","23.609","97,40M","0,88%"
"20.01.2005","23.610","24.271","24.271","23.534","182,06M","-2,72%"
"19.01.2005","24.271","24.091","24.465","24.091","113,11M","0,76%"
"18.01.2005","24.089","24.515","24.515","24.019","179,42M","-1,74%"
"17.01.2005","24.515","24.924","25.022","24.515","75,06M","-1,64%"
"14.01.2005","24.924","24.802","24.966","24.481","117,14M","0,48%"
"13.01.2005","24.806","24.523","24.919","24.523","91,08M","1,21%"
"12.01.2005","24.510","24.370","24.560","23.983","107,12M","0,57%"
"11.01.2005","24.370","24.295","24.457","24.127","111,40M","0,32%"
"10.01.2005","24.292","24.747","24.825","24.086","126,23M","-1,84%"
"07.01.2005","24.747","24.376","24.874","24.376","104,96M","1,56%"
"06.01.2005","24.367","24.695","24.808","24.250","151,17M","-1,32%"
"05.01.2005","24.692","24.859","25.001","24.523","127,42M","-0,63%"
"04.01.2005","24.848","25.722","25.873","24.791","146,14M","-3,40%"
"03.01.2005","25.722","26.193","26.492","25.671","115,64M","-1,81%"
"30.12.2004","26.196","26.171","26.270","26.108","138,64M","0,13%"
"29.12.2004","26.161","26.117","26.245","26.091","123,40M","0,17%"
"28.12.2004","26.117","25.937","26.145","25.919","867,49M","0,69%"
"27.12.2004","25.937","25.862","26.084","25.862","760,81M","0,23%"
"23.12.2004","25.878","25.719","25.971","25.618","101,26M","0,60%"
"22.12.2004","25.723","25.892","26.075","25.713","994,96M","-0,64%"
"21.12.2004","25.890","25.537","25.898","25.465","818,76M","1,38%"
"20.12.2004","25.537","25.661","25.772","25.456","124,93M","-0,48%"
"17.12.2004","25.659","25.835","25.835","25.474","168,82M","-0,67%"
"16.12.2004","25.831","25.561","25.877","25.543","353,88M","1,00%"
"15.12.2004","25.576","25.568","25.919","25.363","562,47M","0,05%"
"14.12.2004","25.563","25.226","25.568","25.226","266,00M","1,34%"
"13.12.2004","25.225","24.933","25.260","24.867","121,15M","1,17%"
"10.12.2004","24.933","24.530","24.954","24.494","116,49M","1,66%"
"09.12.2004","24.526","24.970","25.053","24.452","168,67M","-1,77%"
"08.12.2004","24.968","24.988","25.041","24.615","308,29M","-0,08%"
"07.12.2004","24.989","25.632","25.667","24.945","319,91M","-2,51%"
"06.12.2004","25.633","25.474","25.709","25.430","170,88M","0,65%"
"03.12.2004","25.468","25.218","25.604","25.218","162,91M","1,06%"
"02.12.2004","25.200","25.235","25.360","25.057","118,98M","-0,14%"
"01.12.2004","25.235","25.129","25.381","25.118","141,35M","0,42%"
"30.11.2004","25.128","24.855","25.160","24.736","149,82M","1,10%"
"29.11.2004","24.855","25.000","25.084","24.653","150,26M","-0,57%"
"26.11.2004","24.998","24.867","25.072","24.756","875,13M","0,53%"
"25.11.2004","24.867","24.372","24.872","24.372","111,20M","2,04%"
"24.11.2004","24.368","24.339","24.641","24.339","167,45M","0,11%"
"23.11.2004","24.340","24.446","24.684","24.290","188,95M","-0,43%"
"22.11.2004","24.445","24.034","24.508","23.839","183,53M","1,71%"
"19.11.2004","24.034","24.147","24.361","23.848","271,44M","-0,45%"
"18.11.2004","24.143","24.167","24.325","23.845","283,77M","-0,11%"
"17.11.2004","24.170","23.772","24.289","23.772","255,05M","1,67%"
"16.11.2004","23.772","24.035","24.035","23.698","157,35M","-1,10%"
"12.11.2004","24.035","23.524","24.035","23.524","288,47M","2,19%"
"11.11.2004","23.521","23.457","23.521","23.192","168,62M","0,28%"
"10.11.2004","23.455","23.223","23.479","23.223","148,84M","1,03%"
"09.11.2004","23.216","23.213","23.305","23.022","280,95M","0,02%"
"08.11.2004","23.212","23.542","23.542","23.072","141,14M","-1,40%"
"05.11.2004","23.542","23.864","24.000","23.499","205,59M","-1,42%"
"04.11.2004","23.880","23.660","23.963","23.629","178,03M","0,93%"
"03.11.2004","23.660","23.275","23.770","23.275","226,71M","1,66%"
"01.11.2004","23.273","23.050","23.309","22.941","857,03M","0,96%"
"29.10.2004","23.052","22.945","23.089","22.877","151,63M","0,54%"
"28.10.2004","22.929","23.171","23.171","22.826","126,48M","-1,05%"
"27.10.2004","23.171","22.861","23.228","22.783","199,19M","1,41%"
"26.10.2004","22.849","22.603","22.849","22.557","174,98M","1,09%"
"25.10.2004","22.603","22.735","22.735","22.390","190,30M","-0,58%"
"22.10.2004","22.735","23.061","23.326","22.692","248,42M","-1,40%"
"21.10.2004","23.059","22.873","23.116","22.779","173,27M","0,81%"
"20.10.2004","22.873","22.893","22.929","22.565","212,83M","-0,09%"
"19.10.2004","22.893","23.411","23.621","22.887","237,32M","-2,21%"
"18.10.2004","23.411","23.368","23.448","23.021","174,22M","0,18%"
"15.10.2004","23.368","22.961","23.422","22.961","148,92M","1,78%"
"14.10.2004","22.959","23.287","23.287","22.865","163,42M","-1,42%"
"13.10.2004","23.289","23.953","24.066","23.068","373,50M","-2,77%"
"11.10.2004","23.954","23.928","24.091","23.921","211,72M","0,11%"
"08.10.2004","23.927","24.120","24.346","23.914","287,43M","-0,74%"
"07.10.2004","24.104","24.014","24.141","23.814","188,44M","0,32%"
"06.10.2004","24.027","24.205","24.205","23.899","219,93M","-0,74%"
"05.10.2004","24.205","24.150","24.362","23.946","231,59M","0,23%"
"04.10.2004","24.150","23.784","24.173","23.784","239,09M","1,57%"
"01.10.2004","23.777","23.246","23.777","23.246","207,45M","2,29%"
"30.09.2004","23.245","23.210","23.423","23.183","231,34M","0,16%"
"29.09.2004","23.208","23.230","23.287","23.069","207,21M","-0,10%"
"28.09.2004","23.231","22.834","23.275","22.593","259,00M","1,74%"
"27.09.2004","22.834","22.981","22.981","22.733","194,85M","-0,60%"
"24.09.2004","22.972","22.944","23.110","22.892","174,89M","0,12%"
"23.09.2004","22.944","22.749","23.006","22.749","268,95M","0,86%"
"22.09.2004","22.749","23.106","23.207","22.697","187,61M","-1,54%"
"21.09.2004","23.106","23.078","23.268","22.916","232,21M","0,12%"
"20.09.2004","23.078","23.079","23.485","23.078","260,56M","0,02%"
"17.09.2004","23.074","22.876","23.190","22.876","257,55M","0,86%"
"16.09.2004","22.876","22.346","22.897","22.346","309,40M","2,38%"
"15.09.2004","22.344","22.310","22.577","22.213","161,21M","0,15%"
"14.09.2004","22.309","21.810","22.348","21.741","278,64M","2,29%"
"13.09.2004","21.809","21.970","22.226","21.739","207,83M","-0,72%"
"10.09.2004","21.968","22.276","22.299","21.846","301,17M","-1,43%"
"09.09.2004","22.286","22.536","22.622","22.071","219,08M","-1,10%"
"08.09.2004","22.534","22.508","22.977","22.508","261,77M","0,15%"
"06.09.2004","22.502","22.416","22.537","22.416","344,36M","0,39%"
"03.09.2004","22.415","22.688","22.769","22.378","160,11M","-1,20%"
"02.09.2004","22.688","22.516","22.768","22.267","208,56M","0,78%"
"01.09.2004","22.513","22.803","22.971","22.363","221,56M","-1,27%"
"31.08.2004","22.803","22.886","23.071","22.685","267,85M","-0,29%"
"30.08.2004","22.869","22.600","22.869","22.316","179,01M","1,21%"
"27.08.2004","22.597","22.583","22.801","22.504","172,12M","0,07%"
"26.08.2004","22.582","23.047","23.047","22.479","224,01M","-2,07%"
"25.08.2004","23.058","22.870","23.166","22.745","348,36M","0,82%"
"24.08.2004","22.870","22.863","23.111","22.743","275,96M","0,08%"
"23.08.2004","22.852","23.205","23.241","22.773","204,40M","-1,48%"
"20.08.2004","23.196","22.935","23.381","22.919","330,76M","1,14%"
"19.08.2004","22.935","22.779","23.285","22.772","273,32M","0,69%"
"18.08.2004","22.779","22.059","22.779","21.898","464,33M","3,26%"
"17.08.2004","22.061","21.767","22.159","21.767","208,71M","1,36%"
"16.08.2004","21.764","21.404","21.829","21.361","198,25M","1,69%"
"13.08.2004","21.401","21.570","21.706","21.307","176,45M","-0,78%"
"12.08.2004","21.570","21.574","21.723","21.484","216,23M","0,00%"
"11.08.2004","21.570","21.736","21.736","21.411","228,80M","-0,77%"
"10.08.2004","21.737","21.261","21.737","21.261","212,28M","2,24%"
"09.08.2004","21.261","21.653","21.745","21.243","194,72M","-1,81%"
"06.08.2004","21.653","21.341","21.702","21.194","198,20M","1,51%"
"05.08.2004","21.330","22.174","22.244","21.178","317,62M","-3,82%"
"04.08.2004","22.178","22.370","22.523","22.159","296,92M","-0,87%"
"03.08.2004","22.373","22.453","22.600","22.340","251,70M","-0,33%"
"02.08.2004","22.448","22.342","22.493","21.929","170,38M","0,50%"
"30.07.2004","22.337","22.224","22.534","22.111","204,81M","0,49%"
"29.07.2004","22.228","22.169","22.366","22.019","220,54M","0,27%"
"28.07.2004","22.168","21.740","22.213","21.613","285,65M","1,98%"
"27.07.2004","21.737","21.325","21.813","21.236","282,56M","1,97%"
"26.07.2004","21.318","21.635","21.930","21.056","227,13M","-1,27%"
"23.07.2004","21.591","21.729","22.100","21.559","318,00M","-0,64%"
"22.07.2004","21.730","21.821","21.938","21.490","247,83M","-0,37%"
"21.07.2004","21.810","22.362","22.516","21.776","287,50M","-2,46%"
"20.07.2004","22.361","22.115","22.426","22.046","220,71M","1,17%"
"19.07.2004","22.102","22.445","22.518","22.045","195,16M","-1,54%"
"16.07.2004","22.447","22.064","22.676","22.064","340,82M","1,73%"
"15.07.2004","22.065","21.679","22.198","21.679","273,79M","1,81%"
"14.07.2004","21.673","21.676","22.090","21.373","342,60M","-0,02%"
"13.07.2004","21.677","21.533","21.759","21.456","224,31M","0,67%"
"12.07.2004","21.532","20.885","21.561","20.885","260,49M","3,09%"
"08.07.2004","20.887","21.167","21.167","20.821","196,17M","-1,34%"
"07.07.2004","21.171","21.190","21.364","21.118","197,80M","-0,08%"
"06.07.2004","21.188","21.669","21.669","21.124","211,35M","-2,23%"
"05.07.2004","21.670","21.565","21.775","21.429","122,15M","0,47%"
"02.07.2004","21.568","21.349","21.747","21.349","296,50M","1,03%"
"01.07.2004","21.349","21.152","21.394","21.094","336,96M","0,94%"
"30.06.2004","21.149","20.809","21.183","20.733","261,08M","1,67%"
"29.06.2004","20.801","20.352","20.833","20.352","201,58M","2,21%"
"28.06.2004","20.351","20.750","20.892","20.351","181,79M","-1,92%"
"25.06.2004","20.750","20.708","20.940","20.669","128,17M","0,20%"
"24.06.2004","20.708","20.837","21.068","20.681","203,37M","-0,61%"
"23.06.2004","20.836","20.199","20.836","20.199","293,96M","3,15%"
"22.06.2004","20.199","20.293","20.360","20.070","139,48M","-0,46%"
"21.06.2004","20.293","20.336","20.654","20.274","243,38M","-0,20%"
"18.06.2004","20.333","20.330","20.455","20.076","130,98M","-0,01%"
"17.06.2004","20.335","20.460","20.697","20.203","247,65M","-0,61%"
"16.06.2004","20.460","20.050","20.514","20.006","519,76M","2,06%"
"15.06.2004","20.047","19.496","20.047","19.496","252,38M","2,87%"
"14.06.2004","19.488","19.833","19.833","19.371","187,83M","-1,75%"
"11.06.2004","19.834","19.865","19.979","19.789","658,88M","-0,15%"
"09.06.2004","19.865","20.269","20.298","19.797","194,76M","-2,07%"
"08.06.2004","20.284","20.447","20.529","20.159","231,85M","-0,80%"
"07.06.2004","20.447","19.826","20.487","19.826","329,80M","3,17%"
"04.06.2004","19.819","19.404","19.902","19.404","176,91M","2,16%"
"03.06.2004","19.400","19.723","19.776","19.332","189,65M","-1,61%"
"02.06.2004","19.717","19.553","19.923","19.553","249,79M","0,87%"
"01.06.2004","19.546","19.545","19.613","19.177","319,75M","0,01%"
"31.05.2004","19.545","19.672","19.769","19.421","914,60M","-0,62%"
"28.05.2004","19.667","19.734","19.991","19.580","274,28M","-0,34%"
"27.05.2004","19.734","19.069","19.763","19.061","306,62M","3,49%"
"26.05.2004","19.069","18.860","19.079","18.737","258,49M","1,11%"
"25.05.2004","18.860","18.675","18.869","18.590","251,91M","1,02%"
"24.05.2004","18.669","18.288","18.670","18.288","391,88M","2,10%"
"21.05.2004","18.285","18.239","18.387","18.041","227,91M","0,25%"
"20.05.2004","18.240","18.688","18.688","18.229","302,29M","-2,40%"
"19.05.2004","18.688","18.602","19.120","18.602","351,01M","0,71%"
"18.05.2004","18.556","18.125","18.610","18.125","276,89M","2,39%"
"17.05.2004","18.122","18.609","18.609","17.973","258,22M","-2,63%"
"14.05.2004","18.611","18.421","18.952","18.421","332,08M","1,14%"
"13.05.2004","18.402","18.326","18.619","17.902","310,06M","0,42%"
"12.05.2004","18.326","18.543","18.745","17.885","336,44M","-1,14%"
"11.05.2004","18.537","17.607","18.583","17.607","542,18M","5,30%"
"10.05.2004","17.604","18.616","18.616","17.601","378,54M","-5,46%"
"07.05.2004","18.620","19.184","19.184","18.573","319,45M","-2,97%"
"06.05.2004","19.190","20.019","20.019","19.189","278,40M","-4,17%"
"05.05.2004","20.026","20.013","20.342","19.835","213,82M","0,19%"
"04.05.2004","19.988","19.709","20.195","19.709","295,16M","1,42%"
"03.05.2004","19.709","19.622","19.777","19.086","307,25M","0,52%"
"30.04.2004","19.607","19.871","20.172","19.508","410,79M","-1,30%"
"29.04.2004","19.865","20.481","20.756","19.676","376,62M","-2,97%"
"28.04.2004","20.474","21.317","21.374","20.474","441,51M","-3,95%"
"27.04.2004","21.317","21.324","21.715","21.254","269,59M","-0,03%"
"26.04.2004","21.324","21.588","21.778","21.286","209,96M","-1,24%"
"23.04.2004","21.590","21.142","21.625","21.142","340,50M","2,12%"
"22.04.2004","21.142","21.078","21.182","20.732","331,42M","0,30%"
"20.04.2004","21.078","21.627","21.665","21.068","303,93M","-2,54%"
"19.04.2004","21.627","21.773","21.864","21.417","400,15M","-0,65%"
"16.04.2004","21.769","21.727","21.938","21.592","250,13M","0,14%"
"15.04.2004","21.739","22.312","22.312","21.483","391,69M","-2,57%"
"14.04.2004","22.312","22.618","22.618","22.165","361,93M","-1,36%"
"13.04.2004","22.620","22.777","22.995","22.555","236,24M","-0,70%"
"12.04.2004","22.780","22.725","22.970","22.496","252,92M","0,24%"
"08.04.2004","22.725","22.451","22.740","22.307","254,45M","1,25%"
"07.04.2004","22.443","23.061","23.061","22.443","253,28M","-2,72%"
"06.04.2004","23.072","23.146","23.179","22.859","272,07M","-0,32%"
"05.04.2004","23.146","22.949","23.260","22.773","316,28M","0,86%"
"02.04.2004","22.949","22.650","23.034","22.629","437,23M","1,33%"
"01.04.2004","22.647","22.142","22.769","22.142","399,16M","2,28%"
"31.03.2004","22.142","22.042","22.256","21.873","389,68M","0,45%"
"30.03.2004","22.043","21.531","22.045","21.531","290,92M","2,38%"
"29.03.2004","21.531","21.544","21.817","21.435","258,38M","-0,05%"
"26.03.2004","21.541","21.001","21.651","21.001","311,33M","2,57%"
"25.03.2004","21.000","20.985","21.323","20.857","347,64M","0,07%"
"24.03.2004","20.985","21.202","21.317","20.834","359,87M","-1,04%"
"23.03.2004","21.205","21.663","21.832","21.205","370,09M","-2,11%"
"22.03.2004","21.663","22.248","22.248","21.569","158,39M","-2,68%"
"19.03.2004","22.261","22.370","22.470","22.217","292,93M","-0,49%"
"18.03.2004","22.370","21.901","22.411","21.679","341,66M","2,14%"
"17.03.2004","21.901","21.620","22.034","21.620","351,37M","1,33%"
"16.03.2004","21.613","21.234","21.647","21.234","308,94M","1,79%"
"15.03.2004","21.234","21.776","21.836","21.162","304,93M","-2,49%"
"12.03.2004","21.776","20.770","21.800","20.770","342,72M","4,88%"
"11.03.2004","20.763","21.673","21.750","20.756","399,57M","-4,19%"
"10.03.2004","21.670","22.674","22.674","21.670","326,19M","-4,43%"
"09.03.2004","22.674","22.993","23.094","22.503","235,17M","-1,39%"
"08.03.2004","22.993","22.874","23.373","22.874","295,07M","0,53%"
"05.03.2004","22.873","22.397","22.937","22.349","335,06M","2,14%"
"04.03.2004","22.393","22.542","22.753","22.256","347,16M","-0,70%"
"03.03.2004","22.550","22.442","22.801","22.191","305,09M","0,48%"
"02.03.2004","22.442","22.496","22.714","21.942","339,79M","-0,25%"
"01.03.2004","22.499","21.761","22.528","21.761","340,33M","3,42%"
"27.02.2004","21.755","21.455","21.755","21.448","275,45M","1,42%"
"26.02.2004","21.450","21.608","21.608","21.180","206,81M","-0,74%"
"25.02.2004","21.609","21.341","21.732","21.341","127,14M","1,28%"
"20.02.2004","21.337","20.949","21.342","20.092","433,51M","1,84%"
"19.02.2004","20.951","21.998","21.998","20.877","433,85M","-4,77%"
"18.02.2004","22.000","22.430","22.668","21.899","525,01M","-1,90%"
"17.02.2004","22.426","22.195","22.520","22.017","414,03M","1,07%"
"16.02.2004","22.189","22.505","22.507","21.901","163,74M","-1,51%"
"13.02.2004","22.530","23.067","23.230","22.188","367,40M","-2,31%"
"12.02.2004","23.063","23.197","23.374","22.929","309,59M","-0,58%"
"11.02.2004","23.197","22.173","23.241","22.057","417,59M","4,63%"
"10.02.2004","22.171","21.936","22.216","21.694","350,83M","0,96%"
"09.02.2004","21.962","21.970","22.493","21.853","373,11M","-0,03%"
"06.02.2004","21.969","21.092","21.969","20.598","381,23M","4,16%"
"05.02.2004","21.092","21.685","21.909","21.077","414,97M","-2,73%"
"04.02.2004","21.685","22.289","22.718","21.555","464,94M","-2,68%"
"03.02.2004","22.281","21.794","22.287","21.794","302,44M","2,27%"
"02.02.2004","21.787","21.842","21.867","21.336","327,36M","-0,30%"
"30.01.2004","21.851","22.384","22.615","21.649","430,57M","-2,39%"
"29.01.2004","22.386","23.849","23.859","22.300","516,61M","-6,14%"
"28.01.2004","23.852","24.226","24.460","23.787","343,42M","-1,55%"
"27.01.2004","24.226","24.355","24.473","23.908","526,96M","-0,51%"
"26.01.2004","24.350","23.471","24.350","23.471","383,19M","3,74%"
"23.01.2004","23.471","22.969","23.515","22.740","287,87M","2,19%"
"22.01.2004","22.969","23.299","23.299","22.682","347,08M","-1,43%"
"21.01.2004","23.302","23.680","23.680","23.213","319,64M","-1,59%"
"20.01.2004","23.679","23.382","23.724","23.382","271,20M","1,26%"
"19.01.2004","23.385","23.162","23.493","23.090","256,15M","1,00%"
"16.01.2004","23.155","22.964","23.243","22.687","291,15M","0,84%"
"15.01.2004","22.962","23.400","23.400","22.962","449,98M","-1,87%"
"14.01.2004","23.399","23.947","24.010","22.878","464,75M","-2,26%"
"13.01.2004","23.940","24.237","24.518","23.867","497,93M","-1,23%"
"12.01.2004","24.237","23.896","24.323","23.892","379,91M","1,34%"
"09.01.2004","23.917","23.722","24.088","23.710","503,35M","0,84%"
"08.01.2004","23.717","23.334","23.718","23.122","436,74M","1,70%"
"07.01.2004","23.320","23.576","23.899","23.320","464,08M","-1,09%"
"06.01.2004","23.576","23.532","23.976","23.180","472,38M","0,19%"
"05.01.2004","23.532","22.445","23.532","22.445","496,71M","4,84%"
"02.01.2004","22.445","22.233","22.450","22.208","136,42M","0,94%"
"30.12.2003","22.236","22.051","22.310","22.051","282,07M","0,87%"
"29.12.2003","22.045","21.815","22.046","21.815","199,68M","1,10%"
"26.12.2003","21.807","21.688","21.829","21.688","989,48M","0,54%"
"23.12.2003","21.688","21.631","21.914","21.631","259,01M","0,27%"
"22.12.2003","21.630","21.386","21.630","21.344","199,02M","1,14%"
"19.12.2003","21.386","21.489","21.671","21.381","262,17M","-0,48%"
"18.12.2003","21.489","21.199","21.502","21.195","267,06M","1,37%"
"17.12.2003","21.199","20.763","21.318","20.763","436,62M","2,12%"
"16.12.2003","20.760","20.710","20.842","20.544","246,95M","0,24%"
"15.12.2003","20.710","20.974","21.381","20.709","365,54M","-1,26%"
"12.12.2003","20.974","21.296","21.514","20.873","303,35M","-1,51%"
"11.12.2003","21.296","20.971","21.459","20.971","420,36M","1,54%"
"10.12.2003","20.973","21.258","21.394","20.930","471,91M","-1,35%"
"09.12.2003","21.260","20.889","21.363","20.889","413,53M","1,78%"
"08.12.2003","20.889","20.882","20.937","20.673","244,32M","0,04%"
"05.12.2003","20.880","20.418","20.922","20.418","317,23M","2,28%"
"04.12.2003","20.414","20.540","20.570","20.323","251,50M","-0,61%"
"03.12.2003","20.540","20.462","20.586","20.322","283,21M","0,40%"
"02.12.2003","20.458","20.523","20.630","20.354","304,97M","-0,30%"
"01.12.2003","20.521","20.184","20.522","20.184","347,78M","1,67%"
"28.11.2003","20.184","19.962","20.188","19.848","302,21M","1,12%"
"27.11.2003","19.961","19.695","19.961","19.616","180,73M","1,35%"
"26.11.2003","19.695","19.810","20.002","19.667","240,94M","-0,58%"
"25.11.2003","19.810","19.694","19.820","19.615","257,63M","0,61%"
"24.11.2003","19.691","19.258","19.730","19.258","329,51M","2,30%"
"21.11.2003","19.248","19.197","19.376","19.144","296,39M","0,26%"
"20.11.2003","19.199","18.815","19.262","18.815","332,02M","2,08%"
"19.11.2003","18.807","18.819","18.857","18.610","255,26M","-0,03%"
"18.11.2003","18.813","18.669","19.022","18.669","353,84M","0,77%"
"17.11.2003","18.669","18.985","18.985","18.648","389,06M","-1,67%"
"14.11.2003","18.986","18.763","19.052","18.712","441,96M","1,23%"
"13.11.2003","18.755","18.795","19.115","18.677","440,98M","-0,21%"
"12.11.2003","18.794","18.409","18.812","18.352","340,78M","2,09%"
"11.11.2003","18.409","18.572","18.572","18.261","373,66M","-0,88%"
"10.11.2003","18.572","18.672","18.725","18.435","252,87M","-0,54%"
"07.11.2003","18.672","18.614","18.907","18.614","260,12M","0,32%"
"06.11.2003","18.613","18.307","18.680","18.307","351,07M","1,67%"
"05.11.2003","18.307","18.545","18.563","18.267","345,96M","-1,26%"
"04.11.2003","18.541","18.519","18.714","18.456","359,17M","0,13%"
"03.11.2003","18.517","17.983","18.517","17.983","291,39M","2,97%"
"31.10.2003","17.982","18.095","18.218","17.912","266,03M","-0,62%"
"30.10.2003","18.094","17.945","18.193","17.731","298,65M","0,83%"
"29.10.2003","17.945","18.228","18.454","17.945","329,64M","-1,55%"
"28.10.2003","18.228","17.750","18.228","17.691","268,47M","2,69%"
"27.10.2003","17.750","17.820","17.964","17.664","249,00M","-0,36%"
"24.10.2003","17.814","17.687","17.835","17.340","232,86M","0,70%"
"23.10.2003","17.690","18.235","18.235","17.592","406,04M","-2,99%"
"22.10.2003","18.235","18.449","18.449","18.221","298,19M","-1,16%"
"21.10.2003","18.449","18.370","18.660","18.370","378,08M","0,43%"
"20.10.2003","18.370","17.791","18.399","17.770","361,63M","3,25%"
"17.10.2003","17.791","17.923","17.946","17.679","205,45M","-0,92%"
"16.10.2003","17.955","17.944","18.075","17.834","280,56M","0,07%"
"15.10.2003","17.942","18.176","18.313","17.819","616,25M","-1,30%"
"14.10.2003","18.178","18.063","18.246","18.063","363,33M","0,64%"
"13.10.2003","18.062","17.676","18.075","17.676","379,98M","2,18%"
"10.10.2003","17.676","17.699","17.834","17.496","284,91M","-0,18%"
"09.10.2003","17.708","17.805","18.060","17.553","521,46M","-0,54%"
"08.10.2003","17.805","17.474","17.952","17.474","531,00M","1,92%"
"07.10.2003","17.470","17.278","17.537","17.134","516,18M","1,14%"
"06.10.2003","17.273","17.090","17.346","17.026","292,97M","1,08%"
"03.10.2003","17.089","16.898","17.290","16.898","463,16M","1,16%"
"02.10.2003","16.894","16.582","17.070","16.582","547,89M","1,90%"
"01.10.2003","16.579","16.010","16.609","16.010","366,08M","3,55%"
"30.09.2003","16.011","16.109","16.287","16.010","273,74M","-0,61%"
"29.09.2003","16.109","15.810","16.115","15.768","210,48M","1,89%"
"26.09.2003","15.811","15.807","16.113","15.773","283,62M","0,03%"
"25.09.2003","15.806","16.058","16.203","15.775","351,80M","-1,57%"
"24.09.2003","16.058","16.446","16.636","16.053","289,88M","-2,35%"
"23.09.2003","16.444","16.488","16.542","16.226","291,78M","-0,26%"
"22.09.2003","16.486","16.850","16.850","16.450","286,68M","-2,17%"
"19.09.2003","16.851","16.890","17.104","16.822","396,65M","-0,22%"
"18.09.2003","16.889","16.492","16.911","16.424","495,29M","2,41%"
"17.09.2003","16.492","16.280","16.492","16.225","353,74M","1,37%"
"16.09.2003","16.270","16.354","16.496","16.258","387,27M","-0,44%"
"15.09.2003","16.342","16.423","16.601","16.277","446,07M","-0,48%"
"12.09.2003","16.421","16.283","16.508","16.058","416,80M","0,79%"
"11.09.2003","16.292","15.985","16.454","15.985","472,82M","1,93%"
"10.09.2003","15.983","15.716","15.997","15.492","438,73M","1,69%"
"09.09.2003","15.718","16.051","16.062","15.699","428,00M","-2,07%"
"08.09.2003","16.050","15.904","16.239","15.895","473,88M","0,95%"
"05.09.2003","15.900","15.707","15.951","15.610","353,26M","1,24%"
"04.09.2003","15.705","15.635","15.884","15.564","374,26M","0,45%"
"03.09.2003","15.634","15.455","15.690","15.455","450,61M","1,16%"
"02.09.2003","15.454","15.352","15.475","15.321","309,80M","0,67%"
"01.09.2003","15.352","15.174","15.374","15.075","196,46M","1,17%"
"29.08.2003","15.174","15.065","15.197","14.857","308,40M","0,73%"
"28.08.2003","15.065","15.151","15.252","14.929","341,34M","-0,52%"
"27.08.2003","15.143","14.876","15.143","14.876","357,64M","1,78%"
"26.08.2003","14.878","14.475","14.948","14.425","376,74M","2,79%"
"25.08.2003","14.473","14.613","14.714","14.426","256,87M","-0,96%"
"22.08.2003","14.613","14.670","14.765","14.589","322,55M","-0,39%"
"21.08.2003","14.670","14.470","14.687","14.398","454,70M","1,40%"
"20.08.2003","14.467","14.158","14.506","14.058","442,34M","2,18%"
"19.08.2003","14.158","14.147","14.236","14.091","340,29M","0,08%"
"18.08.2003","14.146","13.900","14.147","13.900","314,11M","1,85%"
"15.08.2003","13.890","13.810","13.952","13.744","207,70M","0,56%"
"14.08.2003","13.812","13.683","13.849","13.529","217,79M","0,95%"
"13.08.2003","13.682","13.597","13.858","13.542","468,34M","0,59%"
"12.08.2003","13.602","13.559","13.766","13.553","214,67M","0,31%"
"11.08.2003","13.560","13.500","13.582","13.442","157,44M","0,45%"
"08.08.2003","13.500","13.333","13.513","13.333","267,09M","1,29%"
"07.08.2003","13.328","12.892","13.350","12.892","273,70M","3,42%"
"06.08.2003","12.888","13.060","13.188","12.839","311,43M","-1,31%"
"05.08.2003","13.059","12.940","13.112","12.940","288,34M","0,93%"
"04.08.2003","12.939","13.128","13.128","12.757","275,36M","-1,45%"
"01.08.2003","13.130","13.579","13.579","13.130","292,06M","-3,26%"
"31.07.2003","13.572","13.475","13.615","13.475","253,61M","0,72%"
"30.07.2003","13.475","13.623","13.698","13.453","221,34M","-1,09%"
"29.07.2003","13.623","13.652","13.704","13.577","241,49M","-0,15%"
"28.07.2003","13.643","13.752","13.783","13.605","232,43M","-0,78%"
"25.07.2003","13.750","13.761","13.868","13.661","255,05M","-0,08%"
"24.07.2003","13.761","13.799","13.947","13.755","244,37M","-0,27%"
"23.07.2003","13.799","13.852","13.942","13.755","309,00M","-0,26%"
"22.07.2003","13.835","13.676","13.867","13.671","224,47M","1,17%"
"21.07.2003","13.676","13.794","13.859","13.676","232,95M","-0,86%"
"18.07.2003","13.794","13.622","13.809","13.622","249,39M","1,26%"
"17.07.2003","13.622","13.487","13.636","13.360","242,62M","1,00%"
"16.07.2003","13.487","13.613","13.633","13.435","174,04M","-0,93%"
"15.07.2003","13.614","13.593","13.736","13.568","227,20M","0,19%"
"14.07.2003","13.588","13.322","13.635","13.322","196,83M","2,01%"
"11.07.2003","13.321","13.498","13.522","13.287","229,61M","-1,34%"
"10.07.2003","13.501","13.622","13.622","13.407","229,20M","-0,86%"
"08.07.2003","13.619","13.401","13.619","13.339","218,25M","1,62%"
"07.07.2003","13.402","13.274","13.444","13.273","277,04M","0,97%"
"04.07.2003","13.274","13.135","13.292","13.067","151,76M","1,06%"
"03.07.2003","13.134","13.308","13.309","13.134","183,26M","-1,32%"
"02.07.2003","13.310","13.292","13.376","13.240","189,25M","0,15%"
"01.07.2003","13.291","12.967","13.291","12.893","281,65M","2,46%"
"30.06.2003","12.973","13.027","13.066","12.930","187,87M","-0,40%"
"27.06.2003","13.024","13.112","13.193","12.976","243,80M","-0,67%"
"26.06.2003","13.112","13.031","13.237","13.030","326,24M","0,66%"
"25.06.2003","13.026","13.110","13.286","13.015","433,65M","-0,63%"
"24.06.2003","13.108","12.993","13.204","12.993","291,85M","0,90%"
"23.06.2003","12.991","13.132","13.273","12.895","268,13M","-1,06%"
"20.06.2003","13.131","13.514","13.514","13.105","270,44M","-2,81%"
"18.06.2003","13.511","13.790","13.890","13.372","527,95M","-1,93%"
"17.06.2003","13.777","13.843","13.973","13.732","300,58M","-0,41%"
"16.06.2003","13.833","13.737","13.963","13.697","270,44M","0,72%"
"13.06.2003","13.734","13.980","14.047","13.677","326,21M","-1,78%"
"12.06.2003","13.983","13.901","14.007","13.738","301,45M","0,77%"
"11.06.2003","13.877","13.898","13.930","13.721","296,07M","-0,12%"
"10.06.2003","13.894","13.869","14.072","13.808","358,35M","0,35%"
"09.06.2003","13.846","13.926","13.979","13.810","251,15M","-0,56%"
"06.06.2003","13.923","13.794","14.071","13.794","319,42M","1,04%"
"05.06.2003","13.780","13.690","13.908","13.588","361,61M","0,45%"
"04.06.2003","13.718","13.386","13.760","13.374","465,94M","2,76%"
"03.06.2003","13.350","13.231","13.350","13.106","304,12M","0,92%"
"02.06.2003","13.229","13.441","13.505","13.212","299,97M","-1,44%"
"30.05.2003","13.422","13.413","13.541","13.312","319,66M","0,12%"
"29.05.2003","13.405","13.303","13.507","13.301","378,98M","0,83%"
"28.05.2003","13.294","13.257","13.427","13.257","312,82M","0,36%"
"27.05.2003","13.246","12.861","13.321","12.859","288,41M","3,06%"
"26.05.2003","12.852","13.149","13.239","12.852","223,68M","-2,21%"
"23.05.2003","13.143","13.101","13.246","13.029","286,74M","0,32%"
"22.05.2003","13.101","13.031","13.173","12.971","294,37M","0,52%"
"21.05.2003","13.034","12.749","13.077","12.711","265,43M","2,26%"
"20.05.2003","12.745","12.753","12.753","12.576","312,85M","-0,01%"
"19.05.2003","12.746","13.179","13.182","12.732","318,86M","-3,62%"
"16.05.2003","13.225","13.143","13.225","12.877","356,29M","0,73%"
"15.05.2003","13.130","13.465","13.465","13.092","386,51M","-2,45%"
"14.05.2003","13.459","13.428","13.483","13.336","301,98M","0,29%"
"13.05.2003","13.421","13.322","13.565","13.316","490,48M","0,75%"
"12.05.2003","13.320","13.206","13.345","13.096","307,23M","0,80%"
"09.05.2003","13.214","12.950","13.247","12.950","476,92M","2,27%"
"08.05.2003","12.921","12.969","13.028","12.864","368,61M","-0,27%"
"07.05.2003","12.956","12.669","12.981","12.664","462,57M","2,47%"
"06.05.2003","12.644","12.829","12.846","12.608","318,41M","-1,47%"
"05.05.2003","12.833","12.829","12.870","12.717","338,63M","0,18%"
"02.05.2003","12.810","12.565","12.866","12.542","276,02M","2,02%"
"30.04.2003","12.557","12.713","12.746","12.557","428,91M","-0,96%"
"29.04.2003","12.678","12.470","12.820","12.470","455,75M","1,73%"
"28.04.2003","12.462","12.128","12.480","12.009","339,88M","2,77%"
"25.04.2003","12.126","12.124","12.185","12.059","306,65M","0,05%"
"24.04.2003","12.120","12.370","12.383","12.100","347,97M","-2,21%"
"23.04.2003","12.394","12.455","12.455","12.315","296,33M","-0,47%"
"22.04.2003","12.452","12.393","12.502","12.245","293,45M","0,46%"
"17.04.2003","12.395","12.052","12.432","12.052","403,36M","2,92%"
"16.04.2003","12.043","12.120","12.245","12.012","428,38M","-0,52%"
"15.04.2003","12.106","11.865","12.111","11.828","459,31M","1,95%"
"14.04.2003","11.874","11.726","11.889","11.719","296,98M","1,32%"
"11.04.2003","11.719","11.614","11.753","11.608","243,22M","1,10%"
"10.04.2003","11.591","11.784","11.819","11.578","293,58M","-1,42%"
"09.04.2003","11.759","11.784","11.904","11.754","293,93M","-0,17%"
"08.04.2003","11.779","12.124","12.136","11.732","397,04M","-2,95%"
"07.04.2003","12.136","12.154","12.436","12.120","377,25M","0,58%"
"04.04.2003","12.066","12.014","12.135","11.924","269,61M","0,49%"
"03.04.2003","12.006","11.877","12.132","11.876","454,39M","1,13%"
"02.04.2003","11.872","11.615","11.998","11.602","455,94M","2,41%"
"01.04.2003","11.592","11.283","11.617","11.283","397,56M","2,82%"
"31.03.2003","11.274","11.387","11.387","11.215","213,48M","-1,08%"
"28.03.2003","11.396","11.273","11.421","11.221","253,54M","1,45%"
"27.03.2003","11.233","11.204","11.262","11.036","296,13M","0,24%"
"26.03.2003","11.206","11.248","11.296","11.186","277,94M","-0,23%"
"25.03.2003","11.232","11.047","11.243","11.035","245,91M","1,63%"
"24.03.2003","11.053","11.362","11.362","11.024","217,04M","-2,85%"
"21.03.2003","11.377","11.176","11.413","11.176","282,85M","1,96%"
"20.03.2003","11.159","10.993","11.174","10.858","310,49M","1,39%"
"19.03.2003","11.006","11.143","11.143","10.944","369,60M","-1,30%"
"18.03.2003","11.151","10.891","11.192","10.891","369,81M","2,54%"
"17.03.2003","10.875","10.783","10.940","10.609","322,28M","0,53%"
"14.03.2003","10.817","10.792","10.924","10.755","293,75M","0,32%"
"13.03.2003","10.783","10.606","10.840","10.591","397,94M","1,95%"
"12.03.2003","10.577","10.343","10.579","10.290","198,16M","2,29%"
"11.03.2003","10.340","10.314","10.408","10.199","205,87M","0,30%"
"10.03.2003","10.309","10.695","10.695","10.294","259,81M","-3,87%"
"07.03.2003","10.724","10.608","10.800","10.438","315,64M","1,02%"
"06.03.2003","10.615","10.311","10.626","10.311","326,42M","3,01%"
"05.03.2003","10.306","10.263","10.318","10.104","113,34M","0,24%"
"28.02.2003","10.281","10.153","10.281","10.152","194,71M","1,29%"
"27.02.2003","10.150","10.006","10.151","9.998","225,01M","1,55%"
"26.02.2003","9.995","10.192","10.271","9.977","273,28M","-1,93%"
"25.02.2003","10.192","10.231","10.231","10.022","380,85M","-0,60%"
"24.02.2003","10.254","10.334","10.454","10.251","287,11M","-0,75%"
"21.02.2003","10.331","10.222","10.340","10.144","229,60M","1,12%"
"20.02.2003","10.217","10.259","10.268","10.118","217,42M","-0,34%"
"19.02.2003","10.252","10.434","10.434","10.206","212,35M","-1,89%"
"18.02.2003","10.450","10.192","10.466","10.166","340,07M","2,56%"
"17.02.2003","10.189","10.089","10.229","10.089","138,64M","1,07%"
"14.02.2003","10.081","10.103","10.163","9.968","190,81M","-0,27%"
"13.02.2003","10.108","10.509","10.509","10.091","294,98M","-3,83%"
"12.02.2003","10.510","10.512","10.587","10.445","341,51M","0,00%"
"11.02.2003","10.509","10.491","10.650","10.475","252,40M","0,28%"
"10.02.2003","10.480","10.388","10.527","10.310","228,42M","0,95%"
"07.02.2003","10.381","10.567","10.692","10.355","196,65M","-1,75%"
"06.02.2003","10.566","10.587","10.589","10.360","252,85M","-0,25%"
"05.02.2003","10.592","10.581","10.761","10.497","342,69M","0,14%"
"04.02.2003","10.577","10.879","10.879","10.534","287,12M","-3,05%"
"03.02.2003","10.910","10.943","11.067","10.852","229,17M","-0,28%"
"31.01.2003","10.941","10.761","11.004","10.741","276,11M","1,77%"
"30.01.2003","10.751","10.873","11.001","10.705","262,67M","-1,04%"
"29.01.2003","10.863","10.514","10.863","10.457","351,71M","3,29%"
"28.01.2003","10.517","10.534","10.650","10.495","360,52M","-0,12%"
"27.01.2003","10.530","10.768","10.768","10.462","369,30M","-2,35%"
"24.01.2003","10.784","11.157","11.158","10.753","285,14M","-3,39%"
"23.01.2003","11.162","11.148","11.336","11.027","337,15M","0,18%"
"22.01.2003","11.142","11.428","11.428","11.132","427,08M","-2,56%"
"21.01.2003","11.435","11.610","11.662","11.434","318,28M","-1,83%"
"20.01.2003","11.648","11.675","11.742","11.545","209,95M","-0,23%"
"17.01.2003","11.676","11.952","11.952","11.649","335,80M","-2,31%"
"16.01.2003","11.952","11.973","12.193","11.921","708,09M","-0,16%"
"15.01.2003","11.971","12.151","12.151","11.899","418,74M","-1,67%"
"14.01.2003","12.175","12.131","12.175","12.052","264,92M","0,53%"
"13.01.2003","12.110","12.243","12.350","12.095","270,72M","-1,08%"
"10.01.2003","12.243","11.925","12.243","11.925","298,81M","2,78%"
"09.01.2003","11.912","11.814","11.964","11.780","275,39M","1,07%"
"08.01.2003","11.786","11.875","11.928","11.757","217,19M","-0,76%"
"07.01.2003","11.876","12.010","12.018","11.842","387,98M","-1,19%"
"06.01.2003","12.020","11.636","12.032","11.633","398,40M","3,62%"
"03.01.2003","11.600","11.632","11.798","11.600","197,05M","-0,02%"
"02.01.2003","11.603","11.291","11.603","11.291","195,13M","2,97%"
"30.12.2002","11.268","11.235","11.325","11.212","248,50M","0,30%"
"27.12.2002","11.234","11.326","11.326","11.207","142,34M","-0,74%"
"26.12.2002","11.318","11.475","11.475","11.301","146,90M","-1,33%"
"23.12.2002","11.470","11.493","11.648","11.384","285,34M","-0,17%"
"20.12.2002","11.490","11.275","11.606","11.262","477,37M","2,52%"
"19.12.2002","11.208","10.987","11.222","10.984","556,38M","2,03%"
"18.12.2002","10.985","10.833","11.007","10.723","517,79M","1,40%"
"17.12.2002","10.833","10.778","10.948","10.526","356,29M","0,57%"
"16.12.2002","10.771","10.620","10.798","10.611","441,80M","1,96%"
"13.12.2002","10.564","10.598","10.648","10.494","330,84M","-0,21%"
"12.12.2002","10.587","10.617","10.743","10.569","335,52M","-0,25%"
"11.12.2002","10.614","10.340","10.652","10.340","460,01M","2,73%"
"10.12.2002","10.331","10.345","10.497","10.307","242,92M","-0,07%"
"09.12.2002","10.339","10.562","10.562","10.339","204,30M","-2,18%"
"06.12.2002","10.569","10.414","10.575","10.412","205,88M","1,50%"
"05.12.2002","10.413","10.645","10.651","10.346","295,59M","-2,13%"
"04.12.2002","10.640","10.664","10.681","10.505","315,30M","-0,21%"
"03.12.2002","10.663","10.672","10.674","10.576","303,26M","-0,10%"
"02.12.2002","10.674","10.517","10.735","10.517","292,38M","1,57%"
"29.11.2002","10.509","10.250","10.519","10.250","245,28M","2,63%"
"28.11.2002","10.239","10.222","10.292","10.187","113,38M","0,12%"
"27.11.2002","10.226","10.142","10.286","10.123","215,81M","0,94%"
"26.11.2002","10.132","10.243","10.283","10.084","309,32M","-1,11%"
"25.11.2002","10.246","10.407","10.447","10.234","322,69M","-1,52%"
"22.11.2002","10.404","10.288","10.433","10.124","314,61M","1,11%"
"21.11.2002","10.289","10.105","10.318","10.086","342,95M","2,00%"
"20.11.2002","10.088","9.983","10.112","9.901","342,07M","1,17%"
"19.11.2002","9.971","9.971","10.052","9.839","317,62M","0,00%"
"18.11.2002","9.971","9.910","10.100","9.910","279,86M","0,88%"
"14.11.2002","9.884","9.762","9.904","9.738","190,94M","1,24%"
"13.11.2002","9.764","9.721","9.813","9.569","270,23M","0,44%"
"12.11.2002","9.721","9.864","9.871","9.647","283,78M","-1,67%"
"11.11.2002","9.886","9.873","9.977","9.868","162,07M","0,26%"
"08.11.2002","9.860","9.859","10.030","9.857","245,14M","0,62%"
"07.11.2002","9.799","9.734","9.893","9.618","270,03M","0,99%"
"06.11.2002","9.703","9.857","9.861","9.583","315,10M","-1,61%"
"05.11.2002","9.861","9.904","10.034","9.825","243,76M","-0,52%"
"04.11.2002","9.913","10.147","10.378","9.913","305,44M","-2,24%"
"01.11.2002","10.140","10.172","10.266","10.043","319,51M","-0,27%"
"31.10.2002","10.168","10.099","10.241","10.063","457,41M","0,98%"
"30.10.2002","10.069","9.602","10.097","9.602","411,01M","4,87%"
"29.10.2002","9.601","9.570","9.656","9.439","269,76M","0,28%"
"28.10.2002","9.574","10.022","10.092","9.573","377,83M","-4,40%"
"25.10.2002","10.015","9.807","10.067","9.698","317,34M","2,20%"
"24.10.2002","9.799","9.832","10.107","9.763","634,08M","-0,42%"
"23.10.2002","9.840","9.342","9.840","9.263","583,47M","5,45%"
"22.10.2002","9.331","9.099","9.331","8.982","405,34M","2,23%"
"21.10.2002","9.128","9.022","9.161","8.979","262,87M","1,17%"
"18.10.2002","9.022","8.902","9.081","8.873","296,36M","1,36%"
"17.10.2002","8.902","8.397","8.920","8.397","362,60M","6,34%"
"16.10.2002","8.371","8.510","8.513","8.225","285,94M","-1,60%"
"15.10.2002","8.507","8.452","8.622","8.446","201,40M","0,66%"
"14.10.2002","8.451","8.853","8.853","8.430","196,33M","-4,56%"
"11.10.2002","8.855","8.864","9.042","8.832","209,87M","-0,13%"
"10.10.2002","8.866","8.708","8.932","8.707","200,49M","1,74%"
"09.10.2002","8.715","8.838","9.291","8.604","181,30M","-1,49%"
"08.10.2002","8.847","8.870","8.909","8.691","252,16M","-0,19%"
"07.10.2002","8.863","9.268","9.288","8.841","148,03M","-4,28%"
"04.10.2002","9.260","9.151","9.319","9.092","221,64M","1,31%"
"03.10.2002","9.140","8.852","9.170","8.807","202,39M","3,63%"
"02.10.2002","8.820","9.011","9.132","8.811","322,38M","-1,97%"
"01.10.2002","8.998","8.642","9.021","8.637","255,78M","4,35%"
"30.09.2002","8.623","8.718","8.720","8.352","225,51M","-1,07%"
"27.09.2002","8.716","9.200","9.202","8.703","243,86M","-5,25%"
"26.09.2002","9.199","9.251","9.386","9.170","189,44M","-0,31%"
"25.09.2002","9.228","9.207","9.357","9.207","303,58M","0,87%"
"24.09.2002","9.148","9.245","9.341","9.069","282,14M","-1,25%"
"23.09.2002","9.264","9.575","9.575","9.137","235,80M","-3,35%"
"20.09.2002","9.585","9.375","9.638","9.375","217,28M","2,27%"
"19.09.2002","9.372","9.512","9.626","9.353","255,19M","-1,40%"
"18.09.2002","9.505","9.626","9.638","9.399","289,82M","-1,50%"
"17.09.2002","9.650","9.855","9.943","9.613","223,59M","-1,84%"
"16.09.2002","9.831","10.171","10.172","9.822","216,05M","-3,44%"
"13.09.2002","10.181","10.156","10.219","10.086","216,87M","0,08%"
"12.09.2002","10.173","10.182","10.188","10.032","180,42M","-0,10%"
"11.09.2002","10.182","9.967","10.248","9.967","259,81M","2,23%"
"10.09.2002","9.960","9.962","10.052","9.841","259,61M","0,06%"
"09.09.2002","9.954","9.725","9.955","9.716","282,82M","2,44%"
"06.09.2002","9.717","9.739","9.882","9.643","240,46M","-0,07%"
"05.09.2002","9.723","9.993","9.993","9.709","308,81M","-2,73%"
"04.09.2002","9.997","10.167","10.174","9.921","270,94M","-1,37%"
"03.09.2002","10.136","10.365","10.372","10.065","336,90M","-2,34%"
"02.09.2002","10.378","10.383","10.477","10.312","206,19M","-0,04%"
"30.08.2002","10.382","10.465","10.604","10.382","628,83M","-0,70%"
"29.08.2002","10.455","10.351","10.519","10.175","507,11M","0,73%"
"28.08.2002","10.380","10.383","10.436","10.231","417,55M","0,08%"
"27.08.2002","10.372","10.118","10.389","10.118","479,17M","2,72%"
"26.08.2002","10.098","9.690","10.100","9.689","332,03M","4,35%"
"23.08.2002","9.676","9.710","9.761","9.594","293,00M","-0,27%"
"22.08.2002","9.703","9.441","9.703","9.412","300,58M","2,81%"
"21.08.2002","9.438","9.270","9.495","9.270","289,75M","1,89%"
"20.08.2002","9.263","9.455","9.552","9.258","243,67M","-1,63%"
"19.08.2002","9.417","9.512","9.657","9.404","296,57M","-1,15%"
"16.08.2002","9.526","9.213","9.539","9.213","325,42M","3,74%"
"15.08.2002","9.183","9.373","9.473","9.161","242,40M","-1,71%"
"14.08.2002","9.343","9.461","9.587","9.017","497,66M","-1,07%"
"13.08.2002","9.444","9.724","9.842","9.444","311,90M","-2,88%"
"12.08.2002","9.724","10.008","10.009","9.687","198,18M","-2,62%"
"09.08.2002","9.986","10.315","10.315","9.971","289,95M","-3,20%"
"08.08.2002","10.316","9.911","10.420","9.911","593,88M","4,52%"
"07.08.2002","9.870","9.766","9.933","9.649","310,75M","1,17%"
"06.08.2002","9.755","9.472","9.795","9.471","239,72M","3,01%"
"05.08.2002","9.470","9.848","9.848","9.452","306,84M","-3,88%"
"02.08.2002","9.852","9.768","9.943","9.738","300,24M","0,95%"
"01.08.2002","9.760","9.782","9.864","9.537","371,81M","-0,03%"
"31.07.2002","9.763","9.346","9.896","9.344","325,56M","4,50%"
"30.07.2002","9.342","9.247","9.613","9.188","465,72M","1,10%"
"29.07.2002","9.240","9.251","9.673","9.240","324,74M","0,25%"
"26.07.2002","9.217","9.672","9.778","9.155","271,16M","-4,64%"
"25.07.2002","9.666","9.947","9.947","9.486","282,23M","-2,73%"
"24.07.2002","9.937","9.739","9.973","9.423","353,44M","1,97%"
"23.07.2002","9.746","9.900","10.082","9.603","275,89M","-1,48%"
"22.07.2002","9.892","10.568","10.568","9.879","331,72M","-6,53%"
"19.07.2002","10.583","10.813","10.813","10.545","219,32M","-2,12%"
"18.07.2002","10.813","10.755","10.915","10.710","166,30M","0,54%"
"17.07.2002","10.755","10.589","10.814","10.589","268,14M","1,67%"
"16.07.2002","10.578","10.646","10.743","10.522","236,30M","-0,52%"
"15.07.2002","10.633","10.966","10.969","10.474","274,35M","-3,04%"
"12.07.2002","10.967","10.811","10.968","10.697","335,18M","1,49%"
"11.07.2002","10.806","10.545","10.810","10.467","340,31M","2,37%"
"10.07.2002","10.556","10.690","10.851","10.539","273,62M","-1,23%"
"08.07.2002","10.687","10.524","10.708","10.506","123,37M","1,55%"
"05.07.2002","10.524","10.663","10.668","10.425","205,13M","-1,24%"
"04.07.2002","10.655","10.661","10.721","10.594","165,30M","0,19%"
"03.07.2002","10.636","10.854","10.868","10.520","260,48M","-1,94%"
"02.07.2002","10.846","10.891","10.908","10.711","227,87M","-0,43%"
"01.07.2002","10.892","11.138","11.173","10.853","323,09M","-2,21%"
"28.06.2002","11.139","11.018","11.271","11.018","470,28M","1,14%"
"27.06.2002","11.013","10.690","11.013","10.690","297,54M","3,02%"
"26.06.2002","10.691","10.676","10.694","10.430","280,53M","-0,14%"
"25.06.2002","10.706","10.773","10.973","10.597","324,92M","-0,50%"
"24.06.2002","10.759","10.438","10.814","10.247","281,29M","3,48%"
"21.06.2002","10.398","10.917","11.010","10.298","285,44M","-4,69%"
"20.06.2002","10.909","11.508","11.603","10.894","271,26M","-5,09%"
"19.06.2002","11.493","11.822","11.901","11.485","228,62M","-2,77%"
"18.06.2002","11.821","11.942","12.116","11.809","222,02M","-0,97%"
"17.06.2002","11.937","11.705","11.955","11.705","177,93M","2,04%"
"14.06.2002","11.699","11.985","11.985","11.601","187,59M","-2,20%"
"13.06.2002","11.962","12.180","12.313","11.962","212,07M","-1,41%"
"12.06.2002","12.133","12.221","12.400","12.058","343,20M","-0,63%"
"11.06.2002","12.210","12.609","12.686","12.170","262,65M","-3,09%"
"10.06.2002","12.600","12.306","12.600","12.304","187,12M","2,58%"
"07.06.2002","12.283","12.051","12.310","11.955","233,61M","1,40%"
"06.06.2002","12.113","12.591","12.595","12.113","247,64M","-3,79%"
"05.06.2002","12.590","12.580","12.707","12.574","226,08M","-0,08%"
"04.06.2002","12.600","12.637","12.642","12.493","156,26M","-0,47%"
"03.06.2002","12.659","12.859","12.919","12.641","123,49M","-1,57%"
"31.05.2002","12.861","12.992","13.013","12.861","121,68M","-0,95%"
"29.05.2002","12.985","12.728","13.003","12.720","335,90M","2,02%"
"28.05.2002","12.728","12.703","12.861","12.703","269,31M","0,23%"
"27.05.2002","12.698","12.578","12.708","12.528","177,32M","0,99%"
"24.05.2002","12.574","12.544","12.689","12.445","165,55M","0,15%"
"23.05.2002","12.556","12.380","12.561","12.244","223,99M","1,52%"
"22.05.2002","12.368","12.697","12.845","12.352","349,26M","-2,62%"
"21.05.2002","12.701","12.674","12.774","12.627","187,20M","0,26%"
"20.05.2002","12.668","12.700","12.770","12.606","144,79M","-0,25%"
"17.05.2002","12.699","12.665","12.739","12.563","195,30M","0,31%"
"16.05.2002","12.660","12.396","12.691","12.396","240,63M","2,51%"
"15.05.2002","12.350","12.207","12.468","12.114","313,27M","1,19%"
"14.05.2002","12.204","11.999","12.327","11.999","317,39M","1,68%"
"13.05.2002","12.002","12.147","12.212","11.943","145,04M","-1,05%"
"10.05.2002","12.130","12.106","12.180","11.944","282,86M","0,23%"
"09.05.2002","12.102","12.602","12.603","12.077","284,22M","-4,08%"
"08.05.2002","12.617","12.353","12.664","12.353","251,81M","2,22%"
"07.05.2002","12.342","12.433","12.631","12.291","244,07M","-0,71%"
"06.05.2002","12.430","12.594","12.595","12.272","188,42M","-1,42%"
"03.05.2002","12.610","12.557","12.679","12.431","255,43M","0,57%"
"02.05.2002","12.538","13.088","13.090","12.510","302,43M","-4,18%"
"30.04.2002","13.085","13.096","13.267","13.065","302,18M","-0,04%"
"29.04.2002","13.090","13.076","13.142","13.032","127,56M","0,11%"
"26.04.2002","13.076","13.273","13.367","13.037","266,16M","-1,49%"
"25.04.2002","13.273","13.384","13.384","13.113","243,73M","-0,81%"
"24.04.2002","13.381","13.182","13.394","13.176","207,59M","1,46%"
"23.04.2002","13.188","13.224","13.302","13.076","275,08M","-0,27%"
"22.04.2002","13.224","13.484","13.485","13.056","241,62M","-1,89%"
"19.04.2002","13.478","13.568","13.631","13.448","159,61M","-0,70%"
"18.04.2002","13.573","13.729","13.729","13.446","276,04M","-1,16%"
"17.04.2002","13.732","13.633","13.872","13.633","383,65M","0,80%"
"16.04.2002","13.623","13.476","13.693","13.476","246,14M","1,12%"
"15.04.2002","13.472","13.772","13.822","13.438","309,23M","-2,03%"
"12.04.2002","13.751","13.418","13.764","13.418","243,71M","2,53%"
"11.04.2002","13.411","13.419","13.559","13.385","206,35M","-0,03%"
"10.04.2002","13.416","13.183","13.445","13.182","221,90M","1,68%"
"09.04.2002","13.195","13.165","13.243","13.147","193,14M","0,27%"
"08.04.2002","13.160","13.248","13.248","13.114","108,39M","-0,88%"
"05.04.2002","13.276","13.362","13.445","13.233","184,87M","-0,63%"
"04.04.2002","13.360","13.090","13.370","13.041","187,24M","2,11%"
"03.04.2002","13.085","13.280","13.345","13.061","235,62M","-1,21%"
"02.04.2002","13.245","13.482","13.535","13.245","225,92M","-1,65%"
"01.04.2002","13.467","13.253","13.499","13.095","202,99M","1,61%"
"28.03.2002","13.255","13.428","13.498","13.226","181,62M","-1,27%"
"27.03.2002","13.425","13.569","13.579","13.425","150,17M","-1,07%"
"26.03.2002","13.570","13.309","13.570","13.309","198,64M","2,20%"
"25.03.2002","13.278","13.359","13.430","13.183","203,20M","-0,26%"
"22.03.2002","13.312","13.723","13.726","13.283","374,33M","-2,95%"
"21.03.2002","13.717","14.086","14.086","13.662","212,59M","-2,64%"
"20.03.2002","14.090","14.123","14.158","13.895","244,73M","-0,20%"
"19.03.2002","14.118","14.266","14.330","14.069","207,72M","-0,89%"
"18.03.2002","14.245","14.366","14.495","14.217","162,42M","-0,84%"
"15.03.2002","14.365","14.120","14.370","14.089","270,48M","1,76%"
"14.03.2002","14.117","14.240","14.337","14.025","219,23M","-0,89%"
"13.03.2002","14.244","14.191","14.352","14.100","274,44M","0,44%"
"12.03.2002","14.181","13.717","14.213","13.710","345,74M","3,55%"
"11.03.2002","13.696","13.959","14.032","13.593","245,20M","-1,91%"
"08.03.2002","13.962","13.783","13.962","13.767","245,02M","1,72%"
"07.03.2002","13.726","13.836","14.011","13.640","317,48M","-0,81%"
"06.03.2002","13.839","14.007","14.007","13.683","357,27M","-1,23%"
"05.03.2002","14.011","14.455","14.482","14.011","246,94M","-3,18%"
"04.03.2002","14.471","14.373","14.474","14.100","262,75M","0,89%"
"01.03.2002","14.343","14.047","14.355","13.978","289,76M","2,21%"
"28.02.2002","14.033","14.216","14.221","14.033","257,11M","-1,26%"
"27.02.2002","14.212","13.978","14.251","13.978","254,10M","1,78%"
"26.02.2002","13.964","13.975","14.053","13.832","214,39M","-0,10%"
"25.02.2002","13.978","13.567","14.005","13.567","291,16M","3,06%"
"22.02.2002","13.563","13.535","13.641","13.513","215,24M","0,24%"
"21.02.2002","13.530","13.328","13.677","13.328","371,12M","1,71%"
"20.02.2002","13.303","13.001","13.330","12.919","317,64M","2,40%"
"19.02.2002","12.992","13.125","13.245","12.984","227,08M","-0,99%"
"18.02.2002","13.122","13.208","13.238","13.027","118,57M","-0,81%"
"15.02.2002","13.230","13.222","13.300","13.169","191,19M","-0,12%"
"14.02.2002","13.245","12.962","13.245","12.908","236,09M","2,19%"
"13.02.2002","12.961","12.599","12.961","12.504","390,71M","2,88%"
"08.02.2002","12.598","12.684","12.693","12.591","138,15M","-0,68%"
"07.02.2002","12.684","12.752","12.774","12.684","175,97M","-0,53%"
"06.02.2002","12.751","12.751","12.883","12.666","224,92M","0,03%"
"05.02.2002","12.748","12.557","12.778","12.415","253,54M","1,88%"
"04.02.2002","12.513","12.648","12.655","12.416","178,33M","-1,15%"
"01.02.2002","12.659","12.723","12.783","12.567","169,21M","-0,49%"
"31.01.2002","12.721","12.563","12.812","12.561","257,90M","1,51%"
"30.01.2002","12.532","12.512","12.627","12.301","278,10M","0,25%"
"29.01.2002","12.501","13.010","13.182","12.476","268,53M","-3,85%"
"28.01.2002","13.002","13.161","13.215","12.990","185,55M","-1,22%"
"24.01.2002","13.162","13.239","13.309","13.147","136,78M","-0,53%"
"23.01.2002","13.232","13.025","13.285","12.982","204,73M","1,75%"
"22.01.2002","13.004","13.177","13.331","12.956","215,53M","-1,15%"
"21.01.2002","13.155","13.367","13.367","13.134","601,52M","-1,63%"
"18.01.2002","13.373","13.340","13.407","13.262","129,17M","0,27%"
"17.01.2002","13.337","13.109","13.359","13.109","182,91M","1,93%"
"16.01.2002","13.084","13.006","13.186","12.941","240,16M","0,56%"
"15.01.2002","13.011","13.131","13.362","12.937","246,91M","-0,85%"
"14.01.2002","13.122","13.594","13.601","13.068","187,13M","-3,43%"
"11.01.2002","13.587","13.554","13.835","13.554","230,48M","0,13%"
"10.01.2002","13.570","14.010","14.010","13.511","311,47M","-3,21%"
"09.01.2002","14.021","14.157","14.190","13.919","262,64M","-1,04%"
"08.01.2002","14.168","14.385","14.385","14.099","242,08M","-1,47%"
"07.01.2002","14.379","14.327","14.413","14.273","245,05M","0,33%"
"04.01.2002","14.332","14.250","14.358","14.103","245,32M","0,47%"
"03.01.2002","14.265","14.125","14.286","14.121","275,65M","2,83%"
"02.01.2002","13.872","13.586","13.902","13.571","237,33M","2,17%"
"28.12.2001","13.578","13.741","13.969","13.510","359,98M","-1,29%"
"27.12.2001","13.756","13.371","13.823","13.369","312,06M","2,97%"
"26.12.2001","13.358","13.367","13.446","13.245","176,21M","-0,08%"
"21.12.2001","13.369","12.935","13.385","12.935","224,16M","3,49%"
"20.12.2001","12.918","13.271","13.271","12.809","281,69M","-2,80%"
"19.12.2001","13.290","13.405","13.508","13.284","301,56M","-0,80%"
"18.12.2001","13.397","12.935","13.414","12.924","308,83M","3,76%"
"17.12.2001","12.912","12.965","13.063","12.912","177,80M","-0,36%"
"14.12.2001","12.959","13.129","13.154","12.894","215,36M","-1,44%"
"13.12.2001","13.148","13.577","13.580","13.144","215,56M","-3,06%"
"12.12.2001","13.563","13.350","13.576","13.297","474,74M","1,61%"
"11.12.2001","13.348","13.455","13.595","13.337","282,69M","-0,73%"
"10.12.2001","13.446","13.299","13.446","13.193","240,35M","1,11%"
"07.12.2001","13.299","13.565","13.662","13.233","222,83M","-1,77%"
"06.12.2001","13.539","13.382","13.575","13.230","374,66M","1,17%"
"05.12.2001","13.382","13.186","13.382","13.103","367,59M","1,79%"
"04.12.2001","13.147","13.374","13.565","13.071","423,21M","-1,42%"
"03.12.2001","13.336","12.914","13.336","12.870","334,25M","3,13%"
"30.11.2001","12.932","12.744","13.053","12.704","270,71M","1,53%"
"29.11.2001","12.736","13.019","13.187","12.622","274,77M","-2,17%"
"28.11.2001","13.019","13.553","13.553","12.913","322,67M","-4,29%"
"27.11.2001","13.603","13.771","13.791","13.490","298,49M","-1,14%"
"26.11.2001","13.760","13.443","13.760","13.443","351,84M","2,50%"
"23.11.2001","13.424","13.037","13.529","13.037","361,50M","3,11%"
"22.11.2001","13.019","12.794","13.056","12.794","166,88M","1,76%"
"21.11.2001","12.794","12.646","12.832","12.560","249,44M","1,23%"
"20.11.2001","12.638","12.992","12.998","12.619","253,83M","-2,69%"
"19.11.2001","12.987","12.906","13.137","12.902","297,73M","0,81%"
"16.11.2001","12.883","12.838","13.046","12.807","195,12M","0,45%"
"14.11.2001","12.826","12.928","13.077","12.746","292,88M","-0,72%"
"13.11.2001","12.918","12.591","13.094","12.591","303,84M","2,79%"
"12.11.2001","12.567","12.729","12.767","12.233","269,38M","-1,29%"
"09.11.2001","12.731","12.542","12.778","12.412","304,45M","1,41%"
"08.11.2001","12.554","12.633","12.892","12.473","323,46M","-0,49%"
"07.11.2001","12.616","12.405","12.982","12.331","479,79M","1,61%"
"06.11.2001","12.416","12.154","12.481","12.139","421,36M","2,06%"
"05.11.2001","12.165","11.389","12.177","11.389","348,74M","6,82%"
"01.11.2001","11.388","11.362","11.498","11.177","168,79M","0,20%"
"31.10.2001","11.365","11.057","11.365","11.047","221,29M","3,09%"
"30.10.2001","11.024","11.334","11.396","11.024","235,31M","-3,10%"
"29.10.2001","11.377","11.784","11.784","11.331","213,22M","-3,43%"
"26.10.2001","11.781","11.725","11.924","11.715","222,69M","0,48%"
"25.10.2001","11.724","11.459","11.783","11.307","286,70M","2,23%"
"24.10.2001","11.468","11.611","11.666","11.430","245,55M","-1,25%"
"23.10.2001","11.613","11.699","11.803","11.584","274,09M","-0,74%"
"22.10.2001","11.700","11.343","11.725","11.293","214,22M","3,25%"
"19.10.2001","11.332","11.003","11.413","10.894","291,74M","3,06%"
"18.10.2001","10.995","11.260","11.263","10.948","200,61M","-2,45%"
"17.10.2001","11.271","11.287","11.485","11.166","388,83M","0,12%"
"16.10.2001","11.258","11.326","11.475","11.165","269,22M","-0,63%"
"15.10.2001","11.329","10.775","11.330","10.695","287,94M","5,05%"
"11.10.2001","10.785","10.462","10.790","10.461","224,63M","3,08%"
"10.10.2001","10.462","10.284","10.462","10.255","191,25M","1,73%"
"09.10.2001","10.284","10.109","10.323","10.103","175,76M","1,88%"
"08.10.2001","10.095","10.120","10.175","9.986","138,96M","-1,01%"
"05.10.2001","10.197","10.068","10.271","9.985","156,80M","1,34%"
"04.10.2001","10.062","10.241","10.329","10.026","208,86M","-1,67%"
"03.10.2001","10.233","10.356","10.356","10.189","225,14M","-1,14%"
"02.10.2001","10.351","10.492","10.556","10.299","169,66M","-1,43%"
"01.10.2001","10.501","10.633","10.633","10.354","158,46M","-1,27%"
"28.09.2001","10.636","10.412","10.714","10.412","270,61M","2,22%"
"27.09.2001","10.405","9.996","10.462","9.705","257,06M","3,99%"
"26.09.2001","10.006","10.227","10.274","9.893","181,63M","-2,18%"
"25.09.2001","10.229","10.539","10.596","10.195","218,99M","-2,88%"
"24.09.2001","10.533","10.453","10.694","10.453","240,35M","1,09%"
"21.09.2001","10.419","10.493","10.493","9.890","298,28M","-1,18%"
"20.09.2001","10.543","10.719","10.719","10.470","211,52M","-1,87%"
"19.09.2001","10.745","10.560","10.836","10.485","288,48M","1,80%"
"18.09.2001","10.554","10.543","10.708","10.321","330,34M","0,09%"
"17.09.2001","10.545","10.032","10.577","10.032","298,05M","5,09%"
"14.09.2001","10.034","10.262","10.271","9.533","319,53M","-2,64%"
"13.09.2001","10.306","11.127","11.156","10.290","178,81M","-7,26%"
"12.09.2001","11.114","10.773","11.319","10.706","296,45M","2,64%"
"11.09.2001","10.828","11.930","11.987","10.824","533,44M","-9,18%"
"10.09.2001","11.922","12.238","12.238","11.901","221,03M","-2,72%"
"06.09.2001","12.255","12.594","12.599","12.251","181,83M","-2,67%"
"05.09.2001","12.591","12.767","12.768","12.462","384,38M","-1,38%"
"04.09.2001","12.767","12.812","12.947","12.767","188,01M","-0,26%"
"03.09.2001","12.800","12.849","12.863","12.696","121,16M","-0,32%"
"31.08.2001","12.841","12.906","12.949","12.789","235,70M","-0,40%"
"30.08.2001","12.892","13.074","13.114","12.798","138,37M","-1,41%"
"29.08.2001","13.077","13.040","13.182","13.012","149,91M","0,45%"
"28.08.2001","13.018","13.005","13.114","12.942","125,56M","0,17%"
"27.08.2001","12.996","13.000","13.048","12.849","121,30M","-0,04%"
"24.08.2001","13.001","12.749","13.007","12.681","155,33M","1,96%"
"23.08.2001","12.751","12.961","13.013","12.703","214,79M","-1,56%"
"22.08.2001","12.952","12.907","13.161","12.853","286,92M","0,47%"
"21.08.2001","12.892","13.122","13.186","12.886","209,38M","-1,71%"
"20.08.2001","13.115","13.044","13.228","12.916","130,82M","0,55%"
"17.08.2001","13.044","13.507","13.507","13.010","178,55M","-3,44%"
"16.08.2001","13.509","13.686","13.722","13.415","147,86M","-1,09%"
"15.08.2001","13.659","13.834","13.856","13.615","322,13M","-1,24%"
"14.08.2001","13.829","13.770","13.841","13.732","174,79M","0,42%"
"13.08.2001","13.771","13.914","13.929","13.716","134,03M","-1,03%"
"10.08.2001","13.915","13.836","13.920","13.738","164,57M","0,58%"
"09.08.2001","13.834","13.921","13.930","13.705","147,03M","-0,61%"
"08.08.2001","13.919","14.036","14.113","13.917","176,93M","-0,83%"
"07.08.2001","14.036","14.049","14.143","14.003","183,42M","-0,08%"
"06.08.2001","14.047","13.856","14.067","13.854","126,91M","1,51%"
"03.08.2001","13.838","13.840","13.902","13.733","116,51M","0,11%"
"02.08.2001","13.823","13.746","13.846","13.690","127,92M","0,58%"
"01.08.2001","13.743","13.757","13.837","13.606","157,91M","-0,08%"
"31.07.2001","13.754","13.703","13.830","13.639","127,19M","0,37%"
"30.07.2001","13.704","13.948","14.117","13.704","107,29M","-1,49%"
"27.07.2001","13.910","13.825","13.910","13.759","122,08M","0,72%"
"26.07.2001","13.810","13.963","13.980","13.736","158,99M","-1,04%"
"25.07.2001","13.956","13.738","13.956","13.679","178,15M","1,59%"
"24.07.2001","13.738","14.049","14.106","13.725","165,31M","-2,35%"
"23.07.2001","14.068","14.108","14.239","14.058","133,60M","-0,17%"
"20.07.2001","14.092","13.766","14.092","13.659","150,00M","2,40%"
"19.07.2001","13.762","13.795","13.953","13.641","126,56M","-0,21%"
"18.07.2001","13.791","14.171","14.236","13.778","151,10M","-2,67%"
"17.07.2001","14.169","13.813","14.218","13.813","222,67M","2,59%"
"16.07.2001","13.811","14.081","14.120","13.811","126,17M","-1,90%"
"13.07.2001","14.078","13.907","14.087","13.737","166,65M","1,17%"
"12.07.2001","13.916","13.812","13.987","13.636","232,12M","0,75%"
"11.07.2001","13.812","13.508","13.853","13.361","286,02M","1,78%"
"10.07.2001","13.570","13.930","14.060","13.564","168,17M","-2,42%"
"06.07.2001","13.907","14.030","14.062","13.788","230,20M","-1,00%"
"05.07.2001","14.048","14.084","14.281","13.943","243,17M","-0,06%"
"04.07.2001","14.056","14.352","14.395","13.980","183,67M","-2,07%"
"03.07.2001","14.353","14.561","14.771","14.325","184,57M","-1,39%"
"02.07.2001","14.555","14.579","14.659","14.483","159,94M","-0,03%"
"29.06.2001","14.560","14.412","14.640","14.376","160,35M","1,17%"
"28.06.2001","14.391","14.321","14.426","14.164","180,67M","0,58%"
"27.06.2001","14.308","14.477","14.630","14.265","175,30M","-1,05%"
"26.06.2001","14.460","14.521","14.620","14.401","268,07M","-0,55%"
"25.06.2001","14.540","14.682","14.871","14.479","206,28M","-0,97%"
"22.06.2001","14.682","14.870","15.104","14.677","216,59M","-0,95%"
"21.06.2001","14.823","14.534","14.841","14.506","252,61M","1,73%"
"20.06.2001","14.571","14.396","14.599","14.393","214,02M","1,18%"
"19.06.2001","14.401","14.375","14.541","14.245","243,54M","0,32%"
"18.06.2001","14.355","14.982","14.982","14.333","214,87M","-4,20%"
"15.06.2001","14.985","15.386","15.386","14.964","123,03M","-2,72%"
"13.06.2001","15.403","15.175","15.600","15.175","330,04M","1,52%"
"12.06.2001","15.173","15.238","15.238","14.956","206,82M","-0,34%"
"11.06.2001","15.224","15.291","15.397","15.159","160,55M","-0,92%"
"08.06.2001","15.366","15.469","15.644","15.355","211,87M","-0,63%"
"07.06.2001","15.464","15.319","15.546","15.201","243,10M","0,88%"
"06.06.2001","15.329","15.393","15.569","15.268","254,76M","-0,43%"
"05.06.2001","15.395","15.107","15.406","15.032","299,14M","1,93%"
"04.06.2001","15.104","14.798","15.141","14.798","172,47M","2,11%"
"01.06.2001","14.792","14.654","14.792","14.409","215,98M","0,97%"
"31.05.2001","14.650","14.514","14.724","14.508","204,84M","1,11%"
"30.05.2001","14.489","14.459","14.579","14.347","215,99M","0,25%"
"29.05.2001","14.454","14.302","14.489","14.301","193,20M","1,06%"
"28.05.2001","14.302","14.328","14.439","14.056","989,42M","-0,06%"
"25.05.2001","14.310","14.523","14.589","14.179","256,10M","-1,47%"
"24.05.2001","14.523","14.694","14.834","14.431","298,81M","-1,15%"
"23.05.2001","14.692","14.829","14.905","14.627","343,14M","-0,93%"
"22.05.2001","14.829","15.142","15.197","14.794","273,63M","-1,98%"
"21.05.2001","15.128","14.871","15.158","14.807","290,99M","1,64%"
"18.05.2001","14.884","14.848","15.012","14.800","247,04M","0,61%"
"17.05.2001","14.794","14.727","15.095","14.725","209,33M","0,54%"
"16.05.2001","14.714","14.256","14.738","14.256","337,80M","3,43%"
"15.05.2001","14.226","14.141","14.314","14.110","257,18M","-0,07%"
"14.05.2001","14.237","14.499","14.507","14.104","154,21M","-1,77%"
"11.05.2001","14.493","15.012","15.018","14.410","184,58M","-3,34%"
"10.05.2001","14.993","14.796","15.117","14.796","212,94M","1,45%"
"09.05.2001","14.779","14.717","14.867","14.576","234,49M","0,21%"
"08.05.2001","14.747","14.861","14.958","14.656","216,21M","-0,86%"
"07.05.2001","14.875","15.103","15.222","14.862","171,28M","-1,44%"
"04.05.2001","15.093","15.142","15.304","15.041","187,59M","-0,32%"
"03.05.2001","15.142","14.906","15.142","14.762","218,30M","1,64%"
"02.05.2001","14.897","14.877","14.920","14.636","242,43M","-0,14%"
"30.04.2001","14.918","14.944","15.210","14.838","213,88M","-0,07%"
"27.04.2001","14.928","14.752","15.135","14.752","265,27M","1,16%"
"26.04.2001","14.757","14.204","14.770","14.202","276,08M","4,20%"
"25.04.2001","14.163","14.062","14.223","13.785","272,85M","0,67%"
"24.04.2001","14.068","13.894","14.207","13.894","162,74M","1,26%"
"23.04.2001","13.893","13.734","13.893","13.325","187,58M","1,43%"
"20.04.2001","13.696","14.408","14.408","13.618","308,75M","-5,09%"
"19.04.2001","14.431","14.956","15.017","14.420","239,25M","-3,51%"
"18.04.2001","14.955","14.345","15.151","14.323","318,38M","4,31%"
"17.04.2001","14.337","14.443","14.555","14.223","208,53M","-0,75%"
"16.04.2001","14.445","14.974","14.976","14.385","175,43M","-3,51%"
"12.04.2001","14.969","14.811","14.969","14.490","163,26M","1,02%"
"11.04.2001","14.819","15.057","15.267","14.724","292,05M","-1,52%"
"10.04.2001","15.048","14.725","15.097","14.725","264,00M","2,23%"
"09.04.2001","14.719","14.489","14.719","14.446","226,88M","1,62%"
"06.04.2001","14.485","14.428","14.702","14.371","226,03M","0,29%"
"05.04.2001","14.443","13.865","14.482","13.865","271,47M","4,24%"
"04.04.2001","13.855","13.740","14.135","13.740","253,28M","0,86%"
"03.04.2001","13.737","13.988","14.001","13.664","171,49M","-1,75%"
"02.04.2001","13.981","14.441","14.482","13.981","154,24M","-3,17%"
"30.03.2001","14.438","14.292","14.438","13.922","256,61M","1,09%"
"29.03.2001","14.282","14.647","14.713","14.226","250,41M","-2,39%"
"28.03.2001","14.632","14.846","14.852","14.574","159,93M","-1,37%"
"27.03.2001","14.835","14.733","14.951","14.594","217,41M","0,84%"
"26.03.2001","14.712","14.443","14.912","14.443","219,81M","1,92%"
"23.03.2001","14.435","14.070","14.435","13.855","269,82M","2,61%"
"22.03.2001","14.067","14.847","14.847","13.761","332,42M","-5,29%"
"21.03.2001","14.853","14.914","15.198","14.755","179,48M","-0,34%"
"20.03.2001","14.903","14.854","15.077","14.854","228,30M","0,45%"
"19.03.2001","14.836","15.249","15.378","14.802","154,66M","-2,63%"
"16.03.2001","15.237","15.076","15.356","15.047","143,29M","1,17%"
"15.03.2001","15.061","15.252","15.482","14.977","202,50M","-1,21%"
"14.03.2001","15.245","15.583","15.583","15.070","228,52M","-2,18%"
"13.03.2001","15.584","15.536","15.768","15.444","228,08M","0,37%"
"12.03.2001","15.527","16.125","16.143","15.523","163,54M","-3,70%"
"09.03.2001","16.123","16.233","16.248","16.018","161,62M","-0,64%"
"08.03.2001","16.227","16.401","16.531","16.096","218,55M","-1,03%"
"07.03.2001","16.395","16.329","16.430","16.223","179,00M","0,43%"
"06.03.2001","16.324","16.573","16.813","16.279","199,21M","-1,29%"
"05.03.2001","16.537","16.620","16.737","16.471","121,32M","-0,26%"
"02.03.2001","16.581","16.423","16.723","16.233","184,54M","1,00%"
"01.03.2001","16.417","15.891","16.439","15.875","153,37M","3,30%"
"28.02.2001","15.891","16.158","16.274","15.891","188,36M","-1,65%"
"23.02.2001","16.158","15.920","16.223","15.831","170,63M","1,55%"
"22.02.2001","15.910","15.604","15.914","15.558","205,35M","2,03%"
"21.02.2001","15.594","15.909","15.909","15.568","238,95M","-1,99%"
"20.02.2001","15.911","16.066","16.242","15.783","213,82M","-0,94%"
"19.02.2001","16.061","16.263","16.392","16.023","150,63M","-1,22%"
"16.02.2001","16.259","16.934","16.950","16.100","252,53M","-4,00%"
"15.02.2001","16.937","17.121","17.262","16.922","153,59M","-1,07%"
"14.02.2001","17.120","17.078","17.286","16.890","239,22M","0,14%"
"13.02.2001","17.096","16.922","17.174","16.883","146,75M","1,06%"
"12.02.2001","16.917","17.163","17.234","16.883","134,71M","-1,29%"
"09.02.2001","17.138","17.257","17.270","17.050","161,35M","-0,61%"
"08.02.2001","17.243","16.814","17.279","16.814","205,56M","2,56%"
"07.02.2001","16.812","17.003","17.003","16.630","176,16M","-1,14%"
"06.02.2001","17.007","16.734","17.017","16.734","149,52M","1,65%"
"05.02.2001","16.731","16.914","16.941","16.539","137,05M","-1,09%"
"02.02.2001","16.915","17.027","17.206","16.781","199,36M","-0,73%"
"01.02.2001","17.039","17.670","17.673","16.977","319,39M","-3,59%"
"31.01.2001","17.673","17.725","17.921","17.637","213,72M","-0,28%"
"30.01.2001","17.723","17.882","17.898","17.668","285,83M","-0,90%"
"29.01.2001","17.883","17.906","18.023","17.704","198,93M","-0,03%"
"26.01.2001","17.889","17.776","17.933","17.591","260,42M","0,66%"
"24.01.2001","17.772","17.849","18.022","17.698","361,24M","-0,34%"
"23.01.2001","17.832","17.381","17.864","17.376","325,48M","2,53%"
"22.01.2001","17.392","17.548","17.578","17.297","152,63M","-0,79%"
"19.01.2001","17.530","17.525","17.816","17.512","290,07M","0,05%"
"18.01.2001","17.521","17.204","17.642","17.151","652,57M","1,92%"
"17.01.2001","17.191","16.748","17.255","16.745","401,27M","2,81%"
"16.01.2001","16.721","16.973","17.035","16.662","214,89M","-1,43%"
"15.01.2001","16.963","16.858","17.038","16.858","955,31M","0,67%"
"12.01.2001","16.850","17.034","17.212","16.821","212,47M","-1,02%"
"11.01.2001","17.024","16.908","17.045","16.797","201,85M","0,62%"
"10.01.2001","16.919","16.964","17.093","16.701","256,51M","-0,34%"
"09.01.2001","16.976","16.566","17.096","16.566","346,48M","2,50%"
"08.01.2001","16.562","16.398","16.623","16.226","160,70M","0,93%"
"05.01.2001","16.410","16.679","16.888","16.380","199,69M","-1,59%"
"04.01.2001","16.675","16.597","16.933","16.587","331,23M","0,46%"
"03.01.2001","16.599","15.425","16.599","15.251","381,20M","7,61%"
"02.01.2001","15.425","15.242","15.621","15.174","230,63M","1,09%"
"28.12.2000","15.259","15.188","15.269","15.132","324,26M","0,48%"
"27.12.2000","15.186","14.805","15.223","14.805","239,98M","2,65%"